-3.020627522853543   0.021930048071181568
-2.8484306454656156  0.05847919868266887
-2.195291388996325  0.4166664517181377
-2.1809418316808397  0.650584361857393
-2.173990503627298  0.8918126598232348
-2.145291388996325  1.1769004962271512
-2.116591179564307  1.571637178726253
-2.0591929503023616  4.532163691730236
-1.9587438594918636  2.8435671396561393
-1.9730934168073508  1.8128654766920944
-1.9300447448608926  0.5116959164208726
-1.8008965394194236  0.16812832362999894
-1.6573987766624674  0.04385953843807478
-1.1695061643286104  0.08771907687614852
1.442152679927558  0.021930048071181568
1.5856504426845142  0.10964912494733009
1.700449090810496  0.014620217948884523
2.3461890232167963  0.029239878193478612
2.489686785973751  0.05847919868266887
3.2932740384524912  0.021930048071181568
3.408072686578473  0.05847919868266887
4.326458587183199  0.007309830122298084
5.230494930472435  0.014619660244595128
5.890583325393175  0.007309830122298084
5.976682858888184  0.18274854157888348
6.005381973519155  0.6944444579997562
6.048431740266663  0.4166664517181377
6.091481507014169  0.9576022463324911
6.148879736276113  0.6213450413682028
6.177578850907086  0.21198786206807269
6.191929503023619  0.007309830122298084
6.407176147159051  0.021930048071181568