 -6.96 0.000743 
 -6.91 0.000064 
 -6.86 0.000331 
 -6.81 0.001488 
 -6.76 0.002531 
 -6.71 0.002949 
 -6.66 0.003521 
 -6.61 0.005380 
 -6.56 0.008220 
 -6.51 0.009830 
 -6.46 0.008073 
 -6.41 0.003612 
 -6.36 0.000211 
 -6.31 0.001587 
 -6.26 0.007329 
 -6.21 0.012202 
 -6.16 0.010767 
 -6.11 0.003786 
 -6.06 0.000311 
 -6.01 0.012375 
 -5.96 0.045192 
 -5.91 0.090791 
 -5.86 0.131117 
 -5.81 0.148343 
 -5.76 0.135342 
 -5.71 0.099591 
 -5.66 0.057591 
 -5.61 0.024326 
 -5.56 0.006054 
 -5.51 0.000358 
 -5.46 0.000863 
 -5.41 0.002237 
 -5.36 0.002378 
 -5.31 0.001555 
 -5.26 0.000636 
 -5.21 0.000127 
 -5.16 0.000140 
 -5.11 0.000599 
 -5.06 0.001265 
 -5.01 0.001743 
 -4.96 0.001695 
 -4.91 0.001142 
 -4.86 0.000459 
 -4.81 0.000057 
 -4.76 0.000057 
 -4.71 0.000277 
 -4.66 0.000451 
 -4.61 0.000437 
 -4.56 0.000258 
 -4.51 0.000059 
 -4.46 0.000033 
 -4.41 0.000291 
 -4.36 0.000686 
 -4.31 0.000842 
 -4.26 0.000522 
 -4.21 0.000066 
 -4.16 0.000292 
 -4.11 0.001664 
 -4.06 0.003509 
 -4.01 0.004328 
 -3.96 0.003211 
 -3.91 0.001080 
 -3.86 0.000089 
 -3.81 0.001408 
 -3.76 0.003773 
 -3.71 0.004579 
 -3.66 0.002788 
 -3.61 0.000486 
 -3.56 0.000783 
 -3.51 0.004288 
 -3.46 0.008326 
 -3.41 0.010587 
 -3.36 0.013416 
 -3.31 0.022391 
 -3.26 0.038831 
 -3.21 0.053729 
 -3.16 0.052783 
 -3.11 0.031867 
 -3.06 0.006485 
 -3.01 0.002795 
 -2.96 0.032868 
 -2.91 0.074221 
 -2.86 0.083902 
 -2.81 0.043668 
 -2.76 0.000639 
 -2.71 0.065173 
 -2.66 0.338176 
 -2.61 0.824437 
 -2.56 1.399382 
 -2.51 1.825382 
 -2.46 1.882545 
 -2.41 1.565914 
 -2.36 1.034028 
 -2.31 0.490357 
 -2.26 0.124355 
 -2.21 0.001650 
 -2.16 0.038708 
 -2.11 0.106585 
 -2.06 0.117419 
 -2.01 0.074523 
 -1.96 0.014004 
 -1.91 0.001255 
 -1.86 0.041178 
 -1.81 0.097216 
 -1.76 0.030285 
 -1.71 0.118558 
 -1.66 0.024996 
 -1.61 0.083429 
 -1.56 0.003792 
 -1.51 0.003631 
 -1.46 0.001128 
 -1.41 0.000415 
 -1.36 0.000969 
 -1.31 0.000015 
 -1.26 0.000010 
 -1.21 0.000044 
 -1.16 0.000078 
 -1.11 0.013297 
 -1.06 0.000209 
 -1.01 0.001569 
 -0.96 0.000053 
 -0.91 0.000021 
 -0.86 0.000013 
 -0.81 0.000303 
 -0.76 0.000071 
 -0.71 0.000068 
 -0.66 0.000122 
 -0.61 0.000055 
 -0.56 0.000106 
 -0.51 0.000074 
 -0.46 0.000413 
 -0.41 0.000139 
 -0.36 0.000021 
 -0.31 0.000019 
 -0.26 0.000035 
 -0.21 0.000045 
 -0.16 0.000062 
 -0.11 0.000067 
 -0.06 0.000134 
 -0.01 0.000120 
  0.04 0.002034 
  0.09 0.000181 
  0.14 0.000174 
  0.19 0.000138 
  0.24 0.000321 
  0.29 0.000272 
  0.34 0.000601 
  0.39 0.002303 
  0.44 0.000867 
  0.49 0.000245 
  0.54 0.000326 
  0.59 0.005694 
  0.64 0.003409 
  0.69 0.005930 
  0.74 0.003970 
  0.79 0.032693 
  0.84 0.012283 
  0.89 0.006282 
  0.94 0.018301 
  0.99 0.002547 
  1.04 0.002030 
  1.09 0.001781 
  1.14 0.001841 
  1.19 0.171969 
  1.24 0.002039 
  1.29 0.001374 
  1.34 0.000970 
  1.39 0.029369 
  1.44 0.006286 
  1.49 0.004605 
  1.54 0.007855 
  1.59 0.150545 
  1.64 0.015165 
  1.69 0.047891 
  1.74 0.010960 
  1.79 0.015582 
  1.84 0.002218 
  1.89 0.000243 
  1.94 0.002033 
  1.99 0.003715 
  2.04 0.003891 
  2.09 0.001863 
  2.14 0.000150 
  2.19 0.000752 
  2.24 0.003140 
  2.29 0.004754 
  2.34 0.003559 
  2.39 0.000900 
  2.44 0.000264 
  2.49 0.003741 
  2.54 0.009278 
  2.59 0.012058 
  2.64 0.009498 
  2.69 0.003842 
  2.74 0.000313 
  2.79 0.002030 
  2.84 0.006538 
  2.89 0.008605 
  2.94 0.005845 
  2.99 0.001383 
  3.04 0.000553 
  3.09 0.004803 
  3.14 0.010371 
  3.19 0.013235 
  3.24 0.014710 
  3.29 0.020642 
  3.34 0.033533 
  3.39 0.046491 
  3.44 0.047163 
  3.49 0.030574 
  3.54 0.008251 
  3.59 0.000482 
  3.64 0.017055 
  3.69 0.044536 
  3.74 0.054812 
  3.79 0.033561 
  3.84 0.003384 
  3.89 0.016837 
  3.94 0.120301 
  3.99 0.311329 
  4.04 0.526240 
  4.09 0.674470 
  4.14 0.691061 
  4.19 0.571710 
  4.24 0.374226 
  4.29 0.182433 
  4.34 0.055732 
  4.39 0.004820 
  4.44 0.003273 
  4.49 0.015413 
  4.54 0.019334 
  4.59 0.012851 
  4.64 0.004215 
  4.69 0.000271 
  4.74 0.001453 
  4.79 0.004047 
  4.84 0.004889 
  4.89 0.003616 
  4.94 0.001690 
  4.99 0.000452 
  5.04 0.000176 
  5.09 0.000391 
  5.14 0.000600 
  5.19 0.000612 
  5.24 0.000465 
  5.29 0.000269 
  5.34 0.000120 
  5.39 0.000070 
  5.44 0.000100 
  5.49 0.000140 
  5.54 0.000135 
  5.59 0.000086 
  5.64 0.000032 
  5.69 0.000014 
  5.74 0.000073 
  5.79 0.000244 
  5.84 0.000499 
  5.89 0.000695 
  5.94 0.000653 
  5.99 0.000360 
  6.04 0.000068 
  6.09 0.000096 
  6.14 0.000469 
  6.19 0.000818 
  6.24 0.000745 
  6.29 0.000315 
  6.34 0.000065 
  6.39 0.000426 
  6.44 0.001197 
  6.49 0.001818 
  6.54 0.002247 
  6.59 0.003337 
  6.64 0.005910 
  6.69 0.009249 
  6.74 0.010893 
  6.79 0.008704 
  6.84 0.003660 
  6.89 0.000153 
  6.94 0.002328 
  6.99 0.009348 
  7.04 0.014611 
  7.09 0.011577 
  7.14 0.002596 
  7.19 0.002309 
  7.24 0.030147 
  7.29 0.095203 
  7.34 0.184118 
  7.39 0.263489 
  7.44 0.297941 
  7.49 0.271242 
  7.54 0.195953 
  7.59 0.105993 
  7.64 0.036331 
  7.69 0.003752 
  7.74 0.001926 
  7.79 0.011841 
  7.84 0.017077 
  7.89 0.012919 
  7.94 0.004821 
  7.99 0.000192 
  8.04 0.001643 
  8.09 0.006284 
  8.14 0.009610 
  8.19 0.009492 
  8.24 0.006978 
  8.29 0.004263 
  8.34 0.002557 
  8.39 0.001670 
  8.44 0.000985 
  8.49 0.000367 
  8.54 0.000095 
  8.59 0.000268 
  8.64 0.000554 
  8.69 0.000554 
  8.74 0.000264 
  8.79 0.000043 
  8.84 0.000146 
  8.89 0.000426 
  8.94 0.000537 
  8.99 0.000330 
