 -8.48 0.004189 
 -8.46 0.003206 
 -8.43 0.002596 
 -8.41 0.002456 
 -8.38 0.002782 
 -8.36 0.003482 
 -8.34 0.004397 
 -8.31 0.005343 
 -8.29 0.006144 
 -8.26 0.006673 
 -8.24 0.006864 
 -8.22 0.006720 
 -8.19 0.006301 
 -8.17 0.005702 
 -8.15 0.005023 
 -8.12 0.004347 
 -8.10 0.003728 
 -8.07 0.003185 
 -8.05 0.002711 
 -8.03 0.002286 
 -8.00 0.001889 
 -7.98 0.001512 
 -7.96 0.001160 
 -7.93 0.000853 
 -7.91 0.000616 
 -7.88 0.000467 
 -7.86 0.000411 
 -7.84 0.000433 
 -7.81 0.000502 
 -7.79 0.000579 
 -7.76 0.000626 
 -7.74 0.000618 
 -7.72 0.000551 
 -7.69 0.000440 
 -7.67 0.000320 
 -7.65 0.000230 
 -7.62 0.000202 
 -7.60 0.000252 
 -7.57 0.000371 
 -7.55 0.000530 
 -7.53 0.000685 
 -7.50 0.000795 
 -7.48 0.000827 
 -7.45 0.000775 
 -7.43 0.000661 
 -7.41 0.000527 
 -7.38 0.000428 
 -7.36 0.000414 
 -7.34 0.000514 
 -7.31 0.000727 
 -7.29 0.001019 
 -7.26 0.001329 
 -7.24 0.001588 
 -7.22 0.001731 
 -7.19 0.001722 
 -7.17 0.001561 
 -7.15 0.001288 
 -7.12 0.000973 
 -7.10 0.000695 
 -7.07 0.000525 
 -7.05 0.000503 
 -7.03 0.000629 
 -7.00 0.000863 
 -6.98 0.001135 
 -6.95 0.001363 
 -6.93 0.001480 
 -6.91 0.001451 
 -6.88 0.001288 
 -6.86 0.001044 
 -6.84 0.000803 
 -6.81 0.000651 
 -6.79 0.000660 
 -6.76 0.000862 
 -6.74 0.001241 
 -6.72 0.001740 
 -6.69 0.002273 
 -6.67 0.002759 
 -6.65 0.003139 
 -6.62 0.003405 
 -6.60 0.003597 
 -6.57 0.003794 
 -6.55 0.004086 
 -6.53 0.004546 
 -6.50 0.005193 
 -6.48 0.005978 
 -6.45 0.006783 
 -6.43 0.007445 
 -6.41 0.007797 
 -6.38 0.007717 
 -6.36 0.007169 
 -6.34 0.006232 
 -6.31 0.005089 
 -6.29 0.004001 
 -6.26 0.003249 
 -6.24 0.003072 
 -6.22 0.003600 
 -6.19 0.004817 
 -6.17 0.006552 
 -6.14 0.008517 
 -6.12 0.010381 
 -6.10 0.011869 
 -6.07 0.012853 
 -6.05 0.013421 
 -6.03 0.013904 
 -6.00 0.014839 
 -5.98 0.016894 
 -5.95 0.020737 
 -5.93 0.026883 
 -5.91 0.035565 
 -5.88 0.046630 
 -5.86 0.059524 
 -5.84 0.073340 
 -5.81 0.086938 
 -5.79 0.099086 
 -5.76 0.108630 
 -5.74 0.114640 
 -5.72 0.116540 
 -5.69 0.114200 
 -5.67 0.107940 
 -5.64 0.098494 
 -5.62 0.086859 
 -5.60 0.074153 
 -5.57 0.061427 
 -5.55 0.049532 
 -5.53 0.039045 
 -5.50 0.030259 
 -5.48 0.023216 
 -5.45 0.017771 
 -5.43 0.013669 
 -5.41 0.010611 
 -5.38 0.008315 
 -5.36 0.006549 
 -5.34 0.005150 
 -5.31 0.004019 
 -5.29 0.003102 
 -5.26 0.002373 
 -5.24 0.001814 
 -5.22 0.001405 
 -5.19 0.001118 
 -5.17 0.000924 
 -5.14 0.000799 
 -5.12 0.000726 
 -5.10 0.000697 
 -5.07 0.000712 
 -5.05 0.000772 
 -5.03 0.000875 
 -5.00 0.001007 
 -4.98 0.001149 
 -4.95 0.001271 
 -4.93 0.001347 
 -4.91 0.001354 
 -4.88 0.001285 
 -4.86 0.001149 
 -4.83 0.000967 
 -4.81 0.000770 
 -4.79 0.000587 
 -4.76 0.000441 
 -4.74 0.000347 
 -4.72 0.000303 
 -4.69 0.000300 
 -4.67 0.000322 
 -4.64 0.000353 
 -4.62 0.000378 
 -4.60 0.000390 
 -4.57 0.000385 
 -4.55 0.000365 
 -4.53 0.000334 
 -4.50 0.000297 
 -4.48 0.000258 
 -4.45 0.000223 
 -4.43 0.000198 
 -4.41 0.000193 
 -4.38 0.000215 
 -4.36 0.000271 
 -4.33 0.000361 
 -4.31 0.000476 
 -4.29 0.000600 
 -4.26 0.000709 
 -4.24 0.000781 
 -4.22 0.000802 
 -4.19 0.000774 
 -4.17 0.000720 
 -4.14 0.000682 
 -4.12 0.000713 
 -4.10 0.000860 
 -4.07 0.001150 
 -4.05 0.001575 
 -4.03 0.002086 
 -4.00 0.002602 
 -3.98 0.003023 
 -3.95 0.003253 
 -3.93 0.003231 
 -3.91 0.002951 
 -3.88 0.002476 
 -3.86 0.001926 
 -3.83 0.001449 
 -3.81 0.001186 
 -3.79 0.001226 
 -3.76 0.001581 
 -3.74 0.002177 
 -3.72 0.002869 
 -3.69 0.003475 
 -3.67 0.003827 
 -3.64 0.003830 
 -3.62 0.003496 
 -3.60 0.002955 
 -3.57 0.002430 
 -3.55 0.002175 
 -3.52 0.002413 
 -3.50 0.003268 
 -3.48 0.004733 
 -3.45 0.006661 
 -3.43 0.008806 
 -3.41 0.010893 
 -3.38 0.012723 
 -3.36 0.014253 
 -3.33 0.015632 
 -3.31 0.017174 
 -3.29 0.019266 
 -3.26 0.022233 
 -3.24 0.026200 
 -3.22 0.030974 
 -3.19 0.036008 
 -3.17 0.040466 
 -3.14 0.043414 
 -3.12 0.044088 
 -3.10 0.042139 
 -3.07 0.037799 
 -3.05 0.031905 
 -3.02 0.025805 
 -3.00 0.021145 
 -2.98 0.019559 
 -2.95 0.022280 
 -2.93 0.029769 
 -2.91 0.041509 
 -2.88 0.056093 
 -2.86 0.071640 
 -2.83 0.086415 
 -2.81 0.099490 
 -2.79 0.111290 
 -2.76 0.123980 
 -2.74 0.141560 
 -2.72 0.169500 
 -2.69 0.213960 
 -2.67 0.280490 
 -2.64 0.372860 
 -2.62 0.492160 
 -2.60 0.636400 
 -2.57 0.800230 
 -2.55 0.974470 
 -2.52 1.145800 
 -2.50 1.297600 
 -2.48 1.412300 
 -2.45 1.474700 
 -2.43 1.478900 
 -2.41 1.428900 
 -2.38 1.334800 
 -2.36 1.208200 
 -2.33 1.060100 
 -2.31 0.900540 
 -2.29 0.738520 
 -2.26 0.584730 
 -2.24 0.451070 
 -2.21 0.345610 
 -2.19 0.270070 
 -2.17 0.220380 
 -2.14 0.189280 
 -2.12 0.169180 
 -2.10 0.153850 
 -2.07 0.138960 
 -2.05 0.122250 
 -2.02 0.102530 
 -2.00 0.081049 
 -1.98 0.060848 
 -1.95 0.044883 
 -1.93 0.034813 
 -1.91 0.030805 
 -1.88 0.032574 
 -1.86 0.038532 
 -1.83 0.048511 
 -1.81 0.061476 
 -1.79 0.072179 
 -1.76 0.037536 
 -1.74 0.012907 
 -1.71 0.023297 
 -1.69 0.224530 
 -1.67 0.020405 
 -1.64 0.031451 
 -1.62 0.032301 
 -1.60 0.213730 
 -1.57 0.007554 
 -1.55 0.003687 
 -1.52 0.001367 
 -1.50 0.000801 
 -1.48 0.000576 
 -1.45 0.000407 
 -1.43 0.000296 
 -1.41 0.000214 
 -1.38 0.000152 
 -1.36 0.000107 
 -1.33 0.000075 
 -1.31 0.000054 
 -1.29 0.000043 
 -1.26 0.000044 
 -1.24 0.000080 
 -1.21 0.000525 
 -1.19 0.001236 
 -1.17 0.000426 
 -1.14 0.000462 
 -1.12 0.007605 
 -1.10 0.005111 
 -1.07 0.009066 
 -1.05 0.000794 
 -1.02 0.000187 
 -1.00 0.000103 
 -0.98 0.000495 
 -0.95 0.000033 
 -0.93 0.000046 
 -0.91 0.000176 
 -0.88 0.000015 
 -0.86 0.000013 
 -0.83 0.000354 
 -0.81 0.000025 
 -0.79 0.000043 
 -0.76 0.000043 
 -0.74 0.000034 
 -0.71 0.000034 
 -0.69 0.000036 
 -0.67 0.000035 
 -0.64 0.000028 
 -0.62 0.000019 
 -0.60 0.000015 
 -0.57 0.000021 
 -0.55 0.000271 
 -0.52 0.000139 
 -0.50 0.000048 
 -0.48 0.000095 
 -0.45 0.000076 
 -0.43 0.000032 
 -0.40 0.000197 
 -0.38 0.000027 
 -0.36 0.000252 
 -0.33 0.000024 
 -0.31 0.000028 
 -0.29 0.000028 
 -0.26 0.000021 
 -0.24 0.000044 
 -0.21 0.000070 
 -0.19 0.000048 
 -0.17 0.000055 
 -0.14 0.000067 
 -0.12 0.000152 
 -0.10 0.000134 
 -0.07 0.000098 
 -0.05 0.000103 
 -0.02 0.000114 
  0.00 0.000126 
  0.02 0.000140 
  0.05 0.000152 
  0.07 0.000162 
  0.10 0.000176 
  0.12 0.000214 
  0.14 0.000161 
  0.17 0.000142 
  0.19 0.000131 
  0.21 0.000309 
  0.24 0.000219 
  0.26 0.000096 
  0.29 0.000187 
  0.31 0.000171 
  0.33 0.000142 
  0.36 0.000294 
  0.38 0.000215 
  0.40 0.000963 
  0.43 0.000339 
  0.45 0.000747 
  0.48 0.000886 
  0.50 0.000597 
  0.52 0.001567 
  0.55 0.003571 
  0.57 0.000853 
  0.60 0.000945 
  0.62 0.001216 
  0.64 0.001619 
  0.67 0.002130 
  0.69 0.002657 
  0.71 0.003226 
  0.74 0.004131 
  0.76 0.010640 
  0.79 0.012988 
  0.81 0.006706 
  0.83 0.088550 
  0.86 0.005365 
  0.88 0.005980 
  0.91 0.041014 
  0.93 0.014093 
  0.95 0.009984 
  0.98 0.005567 
  1.00 0.003350 
  1.02 0.029145 
  1.05 0.003026 
  1.07 0.010178 
  1.10 0.001535 
  1.12 0.003485 
  1.14 0.009176 
  1.17 0.037459 
  1.19 0.194880 
  1.21 0.003868 
  1.24 0.000995 
  1.26 0.000507 
  1.29 0.000348 
  1.31 0.000294 
  1.33 0.000288 
  1.36 0.000311 
  1.38 0.000360 
  1.41 0.000441 
  1.43 0.000574 
  1.45 0.000827 
  1.48 0.001499 
  1.50 0.013238 
  1.52 0.005984 
  1.55 0.012765 
  1.57 0.274600 
  1.60 0.017492 
  1.62 0.038910 
  1.64 0.008742 
  1.67 0.037127 
  1.69 0.017018 
  1.71 0.006202 
  1.74 0.004126 
  1.76 0.028423 
  1.79 0.020318 
  1.81 0.008638 
  1.83 0.005890 
  1.86 0.004698 
  1.88 0.004172 
  1.91 0.003947 
  1.93 0.003918 
  1.95 0.003946 
  1.98 0.003875 
  2.00 0.003607 
  2.02 0.003122 
  2.05 0.002487 
  2.07 0.001837 
  2.10 0.001333 
  2.12 0.001112 
  2.14 0.001236 
  2.17 0.001686 
  2.19 0.002365 
  2.21 0.003112 
  2.24 0.003733 
  2.26 0.004054 
  2.29 0.003993 
  2.31 0.003593 
  2.33 0.003013 
  2.36 0.002475 
  2.38 0.002208 
  2.41 0.002397 
  2.43 0.003129 
  2.45 0.004352 
  2.48 0.005857 
  2.50 0.007337 
  2.52 0.008472 
  2.55 0.009012 
  2.57 0.008841 
  2.60 0.007993 
  2.62 0.006651 
  2.64 0.005116 
  2.67 0.003744 
  2.69 0.002861 
  2.72 0.002665 
  2.74 0.003164 
  2.76 0.004179 
  2.79 0.005393 
  2.81 0.006449 
  2.83 0.007042 
  2.86 0.006999 
  2.88 0.006332 
  2.91 0.005251 
  2.93 0.004116 
  2.95 0.003343 
  2.98 0.003274 
  3.00 0.004083 
  3.02 0.005731 
  3.05 0.007985 
  3.07 0.010490 
  3.10 0.012871 
  3.12 0.014840 
  3.14 0.016287 
  3.17 0.017334 
  3.19 0.018300 
  3.22 0.019603 
  3.24 0.021613 
  3.26 0.024504 
  3.29 0.028152 
  3.31 0.032113 
  3.33 0.035680 
  3.36 0.038034 
  3.38 0.038467 
  3.41 0.036610 
  3.43 0.032613 
  3.45 0.027178 
  3.48 0.021441 
  3.50 0.016726 
  3.52 0.014250 
  3.55 0.014847 
  3.57 0.018756 
  3.60 0.025535 
  3.62 0.034130 
  3.64 0.043117 
  3.67 0.051107 
  3.69 0.057203 
  3.72 0.061376 
  3.74 0.064664 
  3.76 0.069117 
  3.79 0.077527 
  3.81 0.092945 
  3.83 0.118070 
  3.86 0.154560 
  3.88 0.202480 
  3.91 0.259940 
  3.93 0.323270 
  3.95 0.387430 
  3.98 0.446830 
  4.00 0.496050 
  4.03 0.530550 
  4.05 0.547080 
  4.07 0.544060 
  4.10 0.521830 
  4.12 0.482610 
  4.14 0.430350 
  4.17 0.370110 
  4.19 0.307360 
  4.22 0.247040 
  4.24 0.192970 
  4.26 0.147490 
  4.29 0.111420 
  4.31 0.084345 
  4.33 0.064980 
  4.36 0.051555 
  4.38 0.042219 
  4.41 0.035337 
  4.43 0.029697 
  4.45 0.024581 
  4.48 0.019721 
  4.50 0.015171 
  4.53 0.011155 
  4.55 0.007911 
  4.57 0.005595 
  4.60 0.004221 
  4.62 0.003660 
  4.64 0.003678 
  4.67 0.003992 
  4.69 0.004341 
  4.72 0.004533 
  4.74 0.004471 
  4.76 0.004148 
  4.79 0.003626 
  4.81 0.003003 
  4.83 0.002377 
  4.86 0.001829 
  4.88 0.001403 
  4.91 0.001110 
  4.93 0.000932 
  4.95 0.000835 
  4.98 0.000783 
  5.00 0.000748 
  5.03 0.000712 
  5.05 0.000666 
  5.07 0.000612 
  5.10 0.000553 
  5.12 0.000492 
  5.14 0.000433 
  5.17 0.000376 
  5.19 0.000322 
  5.22 0.000272 
  5.24 0.000228 
  5.26 0.000191 
  5.29 0.000165 
  5.31 0.000149 
  5.34 0.000143 
  5.36 0.000142 
  5.38 0.000142 
  5.41 0.000141 
  5.43 0.000136 
  5.45 0.000128 
  5.48 0.000117 
  5.50 0.000108 
  5.53 0.000103 
  5.55 0.000104 
  5.57 0.000110 
  5.60 0.000122 
  5.62 0.000140 
  5.64 0.000165 
  5.67 0.000199 
  5.69 0.000244 
  5.72 0.000301 
  5.74 0.000368 
  5.76 0.000438 
  5.79 0.000500 
  5.81 0.000542 
  5.84 0.000553 
  5.86 0.000527 
  5.88 0.000467 
  5.91 0.000385 
  5.93 0.000302 
  5.95 0.000242 
  5.98 0.000225 
  6.00 0.000263 
  6.03 0.000351 
  6.05 0.000470 
  6.07 0.000593 
  6.10 0.000687 
  6.12 0.000728 
  6.14 0.000705 
  6.17 0.000631 
  6.19 0.000539 
  6.22 0.000473 
  6.24 0.000481 
  6.26 0.000596 
  6.29 0.000832 
  6.31 0.001172 
  6.34 0.001580 
  6.36 0.002006 
  6.38 0.002405 
  6.41 0.002755 
  6.43 0.003065 
  6.45 0.003377 
  6.48 0.003755 
  6.50 0.004266 
  6.53 0.004948 
  6.55 0.005791 
  6.57 0.006721 
  6.60 0.007609 
  6.62 0.008289 
  6.65 0.008597 
  6.67 0.008425 
  6.69 0.007758 
  6.72 0.006700 
  6.74 0.005472 
  6.76 0.004375 
  6.79 0.003726 
  6.81 0.003789 
  6.84 0.004709 
  6.86 0.006470 
  6.88 0.008890 
  6.91 0.011668 
  6.93 0.014469 
  6.95 0.017041 
  6.98 0.019340 
  7.00 0.021612 
  7.03 0.024430 
  7.05 0.028646 
  7.07 0.035269 
  7.10 0.045286 
  7.12 0.059439 
  7.15 0.078008 
  7.17 0.100640 
  7.19 0.126280 
  7.22 0.153210 
  7.24 0.179270 
  7.26 0.202120 
  7.29 0.219580 
  7.31 0.229910 
  7.34 0.232080 
  7.36 0.225860 
  7.38 0.211880 
  7.41 0.191540 
  7.43 0.166790 
  7.45 0.139960 
  7.48 0.113330 
  7.50 0.088901 
  7.53 0.068096 
  7.55 0.051655 
  7.57 0.039635 
  7.60 0.031526 
  7.62 0.026442 
  7.65 0.023347 
  7.67 0.021256 
  7.69 0.019391 
  7.72 0.017282 
  7.74 0.014777 
  7.76 0.011996 
  7.79 0.009228 
  7.81 0.006814 
  7.84 0.005042 
  7.86 0.004070 
  7.88 0.003901 
  7.91 0.004391 
  7.93 0.005295 
  7.96 0.006325 
  7.98 0.007219 
  8.00 0.007786 
  8.03 0.007939 
  8.05 0.007689 
  8.07 0.007126 
  8.10 0.006380 
  8.12 0.005582 
  8.15 0.004832 
  8.17 0.004188 
  8.19 0.003657 
  8.22 0.003216 
  8.24 0.002822 
  8.26 0.002437 
  8.29 0.002040 
  8.31 0.001635 
  8.34 0.001246 
  8.36 0.000907 
  8.38 0.000649 
  8.41 0.000490 
  8.43 0.000428 
  8.46 0.000440 
  8.48 0.000490 
