  -16.00000      4.5643003E-05
  -15.99000      3.9166251E-05
  -15.98000      3.3088054E-05
  -15.97000      2.7656226E-05
  -15.96000      2.3042470E-05
  -15.95000      1.9415136E-05
  -15.94000      1.6854834E-05
  -15.93000      1.5415215E-05
  -15.92000      1.5084923E-05
  -15.91000      1.5807389E-05
  -15.90000      1.7485496E-05
  -15.89000      1.9986908E-05
  -15.88000      2.3153916E-05
  -15.87000      2.6798167E-05
  -15.86000      3.0740001E-05
  -15.85000      3.4781682E-05
  -15.84000      3.8732662E-05
  -15.83000      4.2429354E-05
  -15.82000      4.5710640E-05
  -15.81000      4.8449598E-05
  -15.80000      5.0547260E-05
  -15.79000      5.1928906E-05
  -15.78000      5.2561067E-05
  -15.77000      5.2434378E-05
  -15.76000      5.1573490E-05
  -15.75000      5.0027847E-05
  -15.74000      4.7872920E-05
  -15.73000      4.5193665E-05
  -15.72000      4.2099258E-05
  -15.71000      3.8698854E-05
  -15.70000      3.5101060E-05
  -15.69000      3.1415100E-05
  -15.68000      2.7746200E-05
  -15.67000      2.4180239E-05
  -15.66000      2.0808835E-05
  -15.65000      1.7681969E-05
  -15.64000      1.4861577E-05
  -15.63000      1.2373170E-05
  -15.62000      1.0230555E-05
  -15.61000      8.4454223E-06
  -15.60000      6.9987300E-06
  -15.59000      5.8820406E-06
  -15.58000      5.0646513E-06
  -15.57000      4.5211918E-06
  -15.56000      4.2228376E-06
  -15.55000      4.1430458E-06
  -15.54000      4.2590937E-06
  -15.53000      4.5503439E-06
  -15.52000      5.0068729E-06
  -15.51000      5.6211202E-06
  -15.50000      6.3925963E-06
  -15.49000      7.3280571E-06
  -15.48000      8.4318226E-06
  -15.47000      9.7203247E-06
  -15.46000      1.1199538E-05
  -15.45000      1.2880020E-05
  -15.44000      1.4760576E-05
  -15.43000      1.6849908E-05
  -15.42000      1.9140540E-05
  -15.41000      2.1609529E-05
  -15.40000      2.4227355E-05
  -15.39000      2.6964479E-05
  -15.38000      2.9764287E-05
  -15.37000      3.2579428E-05
  -15.36000      3.5342880E-05
  -15.35000      3.7991987E-05
  -15.34000      4.0455045E-05
  -15.33000      4.2666503E-05
  -15.32000      4.4555312E-05
  -15.31000      4.6069395E-05
  -15.30000      4.7152473E-05
  -15.29000      4.7766964E-05
  -15.28000      4.7883161E-05
  -15.27000      4.7488753E-05
  -15.26000      4.6584537E-05
  -15.25000      4.5191035E-05
  -15.24000      4.3338689E-05
  -15.23000      4.1073814E-05
  -15.22000      3.8458060E-05
  -15.21000      3.5554240E-05
  -15.20000      3.2440996E-05
  -15.19000      2.9195993E-05
  -15.18000      2.5893532E-05
  -15.17000      2.2617711E-05
  -15.16000      1.9433965E-05
  -15.15000      1.6403505E-05
  -15.14000      1.3586029E-05
  -15.13000      1.1014673E-05
  -15.12000      8.7319568E-06
  -15.11000      6.7463666E-06
  -15.10000      5.0633626E-06
  -15.09000      3.6803156E-06
  -15.08000      2.5760176E-06
  -15.07000      1.7305451E-06
  -15.06000      1.1107420E-06
  -15.05000      6.8437043E-07
  -15.04000      4.1729513E-07
  -15.03000      2.7594402E-07
  -15.02000      2.3167186E-07
  -15.01000      2.5928153E-07
  -15.00000      3.4157870E-07
  -14.99000      4.6703147E-07
  -14.98000      6.3062396E-07
  -14.97000      8.3527306E-07
  -14.96000      1.0859693E-06
  -14.95000      1.3946647E-06
  -14.94000      1.7726074E-06
  -14.93000      2.2313595E-06
  -14.92000      2.7802128E-06
  -14.91000      3.4234954E-06
  -14.90000      4.1586413E-06
  -14.89000      4.9766809E-06
  -14.88000      5.8586684E-06
  -14.87000      6.7802848E-06
  -14.86000      7.7037948E-06
  -14.85000      8.5903757E-06
  -14.84000      9.3946783E-06
  -14.83000      1.0068758E-05
  -14.82000      1.0571439E-05
  -14.81000      1.0863764E-05
  -14.80000      1.0919774E-05
  -14.79000      1.0723977E-05
  -14.78000      1.0283856E-05
  -14.77000      9.6208596E-06
  -14.76000      8.7833741E-06
  -14.75000      7.8420471E-06
  -14.74000      6.8875374E-06
  -14.73000      6.0361263E-06
  -14.72000      5.4181623E-06
  -14.71000      5.1791130E-06
  -14.70000      5.4702541E-06
  -14.69000      6.4405776E-06
  -14.68000      8.2332272E-06
  -14.67000      1.0962475E-05
  -14.66000      1.4736762E-05
  -14.65000      1.9592080E-05
  -14.64000      2.5562618E-05
  -14.63000      3.2585529E-05
  -14.62000      4.0576218E-05
  -14.61000      4.9426675E-05
  -14.60000      5.8875394E-05
  -14.59000      6.8672518E-05
  -14.58000      7.8511075E-05
  -14.57000      8.7986831E-05
  -14.56000      9.6764918E-05
  -14.55000      1.0440455E-04
  -14.54000      1.1053507E-04
  -14.53000      1.1478533E-04
  -14.52000      1.1682283E-04
  -14.51000      1.1640116E-04
  -14.50000      1.1334951E-04
  -14.49000      1.0763801E-04
  -14.48000      9.9314580E-05
  -14.47000      8.8650209E-05
  -14.46000      7.6021526E-05
  -14.45000      6.1987594E-05
  -14.44000      4.7332716E-05
  -14.43000      3.2895281E-05
  -14.42000      1.9814888E-05
  -14.41000      9.2361433E-06
  -14.40000      2.4978422E-06
  -14.39000      9.8924670E-07
  -14.38000      6.1495166E-06
  -14.37000      1.9477087E-05
  -14.36000      4.2312509E-05
  -14.35000      7.6132943E-05
  -14.34000      1.2205713E-04
  -14.33000      1.8118789E-04
  -14.32000      2.5438637E-04
  -14.31000      3.4199806E-04
  -14.30000      4.4449110E-04
  -14.29000      5.6170946E-04
  -14.28000      6.9315586E-04
  -14.27000      8.3815446E-04
  -14.26000      9.9531526E-04
  -14.25000      1.1633037E-03
  -14.24000      1.3403206E-03
  -14.23000      1.5236958E-03
  -14.22000      1.7115109E-03
  -14.21000      1.9005975E-03
  -14.20000      2.0882115E-03
  -14.19000      2.2715696E-03
  -14.18000      2.4469660E-03
  -14.17000      2.6119384E-03
  -14.16000      2.7632287E-03
  -14.15000      2.8980551E-03
  -14.14000      3.0143484E-03
  -14.13000      3.1093357E-03
  -14.12000      3.1816962E-03
  -14.11000      3.2298642E-03
  -14.10000      3.2528837E-03
  -14.09000      3.2504145E-03
  -14.08000      3.2223742E-03
  -14.07000      3.1692921E-03
  -14.06000      3.0921542E-03
  -14.05000      2.9924861E-03
  -14.04000      2.8717495E-03
  -14.03000      2.7326092E-03
  -14.02000      2.5775956E-03
  -14.01000      2.4090246E-03
  -14.00000      2.2307648E-03
  -13.99000      2.0447338E-03
  -13.98000      1.8551357E-03
  -13.97000      1.6643041E-03
  -13.96000      1.4754143E-03
  -13.95000      1.2911882E-03
  -13.94000      1.1142546E-03
  -13.93000      9.4658573E-04
  -13.92000      7.9061120E-04
  -13.91000      6.4725574E-04
  -13.90000      5.1832484E-04
  -13.89000      4.0426871E-04
  -13.88000      3.0546199E-04
  -13.87000      2.2216262E-04
  -13.86000      1.5363035E-04
  -13.85000      9.9519464E-05
  -13.84000      5.8668778E-05
  -13.83000      2.9998306E-05
  -13.82000      1.2109074E-05
  -13.81000      3.5460400E-06
  -13.80000      2.7542528E-06
  -13.79000      8.1652133E-06
  -13.78000      1.8264298E-05
  -13.77000      3.1568579E-05
  -13.76000      4.6680452E-05
  -13.75000      6.2395979E-05
  -13.74000      7.7684679E-05
  -13.73000      9.1643036E-05
  -13.72000      1.0362340E-04
  -13.71000      1.1308197E-04
  -13.70000      1.1976648E-04
  -13.69000      1.2350667E-04
  -13.68000      1.2435473E-04
  -13.67000      1.2246451E-04
  -13.66000      1.1812717E-04
  -13.65000      1.1169570E-04
  -13.64000      1.0361292E-04
  -13.63000      9.4339317E-05
  -13.62000      8.4329295E-05
  -13.61000      7.4058415E-05
  -13.60000      6.3920925E-05
  -13.59000      5.4273078E-05
  -13.58000      4.5433273E-05
  -13.57000      3.7588597E-05
  -13.56000      3.0928873E-05
  -13.55000      2.5504809E-05
  -13.54000      2.1328098E-05
  -13.53000      1.8354174E-05
  -13.52000      1.6464868E-05
  -13.51000      1.5518062E-05
  -13.50000      1.5333353E-05
  -13.49000      1.5717724E-05
  -13.48000      1.6472775E-05
  -13.47000      1.7414086E-05
  -13.46000      1.8368188E-05
  -13.45000      1.9191444E-05
  -13.44000      1.9774205E-05
  -13.43000      2.0035966E-05
  -13.42000      1.9934569E-05
  -13.41000      1.9460744E-05
  -13.40000      1.8635557E-05
  -13.39000      1.7503911E-05
  -13.38000      1.6135220E-05
  -13.37000      1.4603875E-05
  -13.36000      1.2994527E-05
  -13.35000      1.1391288E-05
  -13.34000      9.8612218E-06
  -13.33000      8.4717421E-06
  -13.32000      7.2618882E-06
  -13.31000      6.2600961E-06
  -13.30000      5.4732232E-06
  -13.29000      4.8922798E-06
  -13.28000      4.4971434E-06
  -13.27000      4.2566853E-06
  -13.26000      4.1379299E-06
  -13.25000      4.1129838E-06
  -13.24000      4.1612207E-06
  -13.23000      4.2821266E-06
  -13.22000      4.4918334E-06
  -13.21000      4.8379043E-06
  -13.20000      5.3934255E-06
  -13.19000      6.2617323E-06
  -13.18000      7.5784437E-06
  -13.17000      9.4974375E-06
  -13.16000      1.2203366E-05
  -13.15000      1.5888476E-05
  -13.14000      2.0750032E-05
  -13.13000      2.6986885E-05
  -13.12000      3.4776844E-05
  -13.11000      4.4259585E-05
  -13.10000      5.5582521E-05
  -13.09000      6.8758622E-05
  -13.08000      8.3845021E-05
  -13.07000      1.0076014E-04
  -13.06000      1.1936708E-04
  -13.05000      1.3954616E-04
  -13.04000      1.6093758E-04
  -13.03000      1.8332512E-04
  -13.02000      2.0624473E-04
  -13.01000      2.2930643E-04
  -13.00000      2.5218041E-04
  -12.99000      2.7423364E-04
  -12.98000      2.9503994E-04
  -12.97000      3.1414078E-04
  -12.96000      3.3100593E-04
  -12.95000      3.4532332E-04
  -12.94000      3.5668450E-04
  -12.93000      3.6483654E-04
  -12.92000      3.6958759E-04
  -12.91000      3.7081147E-04
  -12.90000      3.6849134E-04
  -12.89000      3.6269973E-04
  -12.88000      3.5360322E-04
  -12.87000      3.4139006E-04
  -12.86000      3.2643785E-04
  -12.85000      3.0908504E-04
  -12.84000      2.8975782E-04
  -12.83000      2.6895438E-04
  -12.82000      2.4704792E-04
  -12.81000      2.2461232E-04
  -12.80000      2.0201747E-04
  -12.79000      1.7972739E-04
  -12.78000      1.5807433E-04
  -12.77000      1.3740057E-04
  -12.76000      1.1793032E-04
  -12.75000      9.9920391E-05
  -12.74000      8.3431645E-05
  -12.73000      6.8610992E-05
  -12.72000      5.5439192E-05
  -12.71000      4.3913969E-05
  -12.70000      3.3996843E-05
  -12.69000      2.5582112E-05
  -12.68000      1.8588422E-05
  -12.67000      1.2911098E-05
  -12.66000      8.4610911E-06
  -12.65000      5.1673346E-06
  -12.64000      2.9704140E-06
  -12.63000      1.8418903E-06
  -12.62000      1.7806666E-06
  -12.61000      2.8011166E-06
  -12.60000      4.9435812E-06
  -12.59000      8.2450651E-06
  -12.58000      1.2761352E-05
  -12.57000      1.8504184E-05
  -12.56000      2.5493015E-05
  -12.55000      3.3691907E-05
  -12.54000      4.3005064E-05
  -12.53000      5.3337626E-05
  -12.52000      6.4440239E-05
  -12.51000      7.6091514E-05
  -12.50000      8.7965731E-05
  -12.49000      9.9671903E-05
  -12.48000      1.1083262E-04
  -12.47000      1.2095569E-04
  -12.46000      1.2963000E-04
  -12.45000      1.3644357E-04
  -12.44000      1.4098320E-04
  -12.43000      1.4297184E-04
  -12.42000      1.4220171E-04
  -12.41000      1.3863300E-04
  -12.40000      1.3233320E-04
  -12.39000      1.2361776E-04
  -12.38000      1.1289374E-04
  -12.37000      1.0085957E-04
  -12.36000      8.8312954E-05
  -12.35000      7.6259035E-05
  -12.34000      6.5836975E-05
  -12.33000      5.8301877E-05
  -12.32000      5.4955974E-05
  -12.31000      5.7120273E-05
  -12.30000      6.6051543E-05
  -12.29000      8.2887651E-05
  -12.28000      1.0851864E-04
  -12.27000      1.4370632E-04
  -12.26000      1.8862588E-04
  -12.25000      2.4344935E-04
  -12.24000      3.0755231E-04
  -12.23000      3.8008959E-04
  -12.22000      4.5965199E-04
  -12.21000      5.4443930E-04
  -12.20000      6.3195458E-04
  -12.19000      7.1995403E-04
  -12.18000      8.0496771E-04
  -12.17000      8.8400365E-04
  -12.16000      9.5353409E-04
  -12.15000      1.0101758E-03
  -12.14000      1.0508738E-03
  -12.13000      1.0729530E-03
  -12.12000      1.0740699E-03
  -12.11000      1.0526914E-03
  -12.10000      1.0081935E-03
  -12.09000      9.4083830E-04
  -12.08000      8.5223687E-04
  -12.07000      7.4521196E-04
  -12.06000      6.2370801E-04
  -12.05000      4.9384119E-04
  -12.04000      3.6210325E-04
  -12.03000      2.3736636E-04
  -12.02000      1.2905081E-04
  -12.01000      4.7960006E-05
  -12.00000      5.9537069E-06
  -11.99000      1.5257078E-05
  -11.98000      8.8852670E-05
  -11.97000      2.3947163E-04
  -11.96000      4.8031236E-04
  -11.95000      8.2316488E-04
  -11.94000      1.2789019E-03
  -11.93000      1.8589775E-03
  -11.92000      2.5688363E-03
  -11.91000      3.4173441E-03
  -11.90000      4.4052848E-03
  -11.89000      5.5333781E-03
  -11.88000      6.8006725E-03
  -11.87000      8.1980666E-03
  -11.86000      9.7226305E-03
  -11.85000      1.1356984E-02
  -11.84000      1.3087955E-02
  -11.83000      1.4899125E-02
  -11.82000      1.6767444E-02
  -11.81000      1.8669037E-02
  -11.80000      2.0583129E-02
  -11.79000      2.2475999E-02
  -11.78000      2.4327535E-02
  -11.77000      2.6103383E-02
  -11.76000      2.7776066E-02
  -11.75000      2.9321674E-02
  -11.74000      3.0709580E-02
  -11.73000      3.1919930E-02
  -11.72000      3.2929052E-02
  -11.71000      3.3718854E-02
  -11.70000      3.4274552E-02
  -11.69000      3.4585703E-02
  -11.68000      3.4643620E-02
  -11.67000      3.4447398E-02
  -11.66000      3.3998437E-02
  -11.65000      3.3301774E-02
  -11.64000      3.2368336E-02
  -11.63000      3.1213887E-02
  -11.62000      2.9855149E-02
  -11.61000      2.8319879E-02
  -11.60000      2.6627993E-02
  -11.59000      2.4811523E-02
  -11.58000      2.2898352E-02
  -11.57000      2.0918190E-02
  -11.56000      1.8905193E-02
  -11.55000      1.6887860E-02
  -11.54000      1.4894303E-02
  -11.53000      1.2957779E-02
  -11.52000      1.1098732E-02
  -11.51000      9.3450136E-03
  -11.50000      7.7163689E-03
  -11.49000      6.2256423E-03
  -11.48000      4.8925658E-03
  -11.47000      3.7199021E-03
  -11.46000      2.7162300E-03
  -11.45000      1.8814465E-03
  -11.44000      1.2109408E-03
  -11.43000      7.0092786E-04
  -11.42000      3.3963542E-04
  -11.41000      1.1591036E-04
  -11.40000      1.4858843E-05
  -11.39000      1.9979605E-05
  -11.38000      1.1401965E-04
  -11.37000      2.7812770E-04
  -11.36000      4.9437798E-04
  -11.35000      7.4346660E-04
  -11.34000      1.0088540E-03
  -11.33000      1.2730524E-03
  -11.32000      1.5232723E-03
  -11.31000      1.7469999E-03
  -11.30000      1.9337836E-03
  -11.29000      2.0761134E-03
  -11.28000      2.1691453E-03
  -11.27000      2.2100559E-03
  -11.26000      2.1988051E-03
  -11.25000      2.1374407E-03
  -11.24000      2.0303086E-03
  -11.23000      1.8830202E-03
  -11.22000      1.7035709E-03
  -11.21000      1.4996269E-03
  -11.20000      1.2810215E-03
  -11.19000      1.0566809E-03
  -11.18000      8.3609927E-04
  -11.17000      6.2780327E-04
  -11.16000      4.4022218E-04
  -11.15000      2.7986124E-04
  -11.14000      1.5317352E-04
  -11.13000      6.3731095E-05
  -11.12000      1.4739657E-05
  -11.11000      6.9708822E-06
  -11.10000      4.0014937E-05
  -11.09000      1.1142007E-04
  -11.08000      2.1769712E-04
  -11.07000      3.5369734E-04
  -11.06000      5.1325740E-04
  -11.05000      6.8997958E-04
  -11.04000      8.7621977E-04
  -11.03000      1.0643050E-03
  -11.02000      1.2472266E-03
  -11.01000      1.4168549E-03
  -11.00000      1.5674337E-03
  -10.99000      1.6926028E-03
  -10.98000      1.7878409E-03
  -10.97000      1.8496747E-03
  -10.96000      1.8756231E-03
  -10.95000      1.8650293E-03
  -10.94000      1.8183690E-03
  -10.93000      1.7377698E-03
  -10.92000      1.6260407E-03
  -10.91000      1.4879893E-03
  -10.90000      1.3286433E-03
  -10.89000      1.1541074E-03
  -10.88000      9.7133772E-04
  -10.87000      7.8670494E-04
  -10.86000      6.0814217E-04
  -10.85000      4.4203430E-04
  -10.84000      2.9474462E-04
  -10.83000      1.7277854E-04
  -10.82000      8.0740807E-05
  -10.81000      2.3109067E-05
  -10.80000      2.5917050E-06
  -10.79000      2.1086969E-05
  -10.78000      7.8862649E-05
  -10.77000      1.7548999E-04
  -10.76000      3.0867732E-04
  -10.75000      4.7555665E-04
  -10.74000      6.7197467E-04
  -10.73000      8.9324237E-04
  -10.72000      1.1332026E-03
  -10.71000      1.3864572E-03
  -10.70000      1.6455413E-03
  -10.69000      1.9047096E-03
  -10.68000      2.1570693E-03
  -10.67000      2.3961649E-03
  -10.66000      2.6170085E-03
  -10.65000      2.8136326E-03
  -10.64000      2.9825193E-03
  -10.63000      3.1197947E-03
  -10.62000      3.2231491E-03
  -10.61000      3.2910870E-03
  -10.60000      3.3231259E-03
  -10.59000      3.3194397E-03
  -10.58000      3.2813856E-03
  -10.57000      3.2112547E-03
  -10.56000      3.1117070E-03
  -10.55000      2.9863575E-03
  -10.54000      2.8394205E-03
  -10.53000      2.6749563E-03
  -10.52000      2.4970598E-03
  -10.51000      2.3105328E-03
  -10.50000      2.1190343E-03
  -10.49000      1.9274969E-03
  -10.48000      1.7386109E-03
  -10.47000      1.5562380E-03
  -10.46000      1.3828198E-03
  -10.45000      1.2202661E-03
  -10.44000      1.0708208E-03
  -10.43000      9.3475450E-04
  -10.42000      8.1306184E-04
  -10.41000      7.0537167E-04
  -10.40000      6.1118201E-04
  -10.39000      5.2972889E-04
  -10.38000      4.5980199E-04
  -10.37000      3.9992976E-04
  -10.36000      3.4886491E-04
  -10.35000      3.0487901E-04
  -10.34000      2.6677540E-04
  -10.33000      2.3315560E-04
  -10.32000      2.0287905E-04
  -10.31000      1.7515599E-04
  -10.30000      1.4924078E-04
  -10.29000      1.2484923E-04
  -10.28000      1.0183638E-04
  -10.27000      8.0314552E-05
  -10.26000      6.0667946E-05
  -10.25000      4.3290758E-05
  -10.24000      2.8882907E-05
  -10.23000      1.8057230E-05
  -10.22000      1.1459275E-05
  -10.21000      9.7040220E-06
  -10.20000      1.3209871E-05
  -10.19000      2.2318551E-05
  -10.18000      3.7063739E-05
  -10.17000      5.7329624E-05
  -10.16000      8.2713632E-05
  -10.15000      1.1249271E-04
  -10.14000      1.4588230E-04
  -10.13000      1.8162941E-04
  -10.12000      2.1859848E-04
  -10.11000      2.5531446E-04
  -10.10000      2.9032503E-04
  -10.09000      3.2221284E-04
  -10.08000      3.4960438E-04
  -10.07000      3.7123600E-04
  -10.06000      3.8612666E-04
  -10.05000      3.9344135E-04
  -10.04000      3.9280785E-04
  -10.03000      3.8407586E-04
  -10.02000      3.6757046E-04
  -10.01000      3.4387369E-04
  -10.00000      3.1420306E-04
  -9.990000      2.7966234E-04
  -9.980000      2.4207059E-04
  -9.970000      2.0326821E-04
  -9.960000      1.6532894E-04
  -9.950000      1.3037867E-04
  -9.940000      1.0054512E-04
  -9.930000      7.7834440E-05
  -9.920000      6.4091284E-05
  -9.910000      6.0849794E-05
  -9.900000      6.9292815E-05
  -9.890000      9.0167108E-05
  -9.880000      1.2374268E-04
  -9.870000      1.6976173E-04
  -9.860000      2.2743737E-04
  -9.850000      2.9541837E-04
  -9.840000      3.7189599E-04
  -9.830000      4.5458105E-04
  -9.820000      5.4079917E-04
  -9.810000      6.2753551E-04
  -9.800000      7.1169151E-04
  -9.790000      7.9001643E-04
  -9.780000      8.5933215E-04
  -9.770000      9.1665145E-04
  -9.760000      9.5933478E-04
  -9.750000      9.8519924E-04
  -9.740000      9.9258753E-04
  -9.730000      9.8055380E-04
  -9.720000      9.4888749E-04
  -9.710000      8.9817808E-04
  -9.700000      8.2984840E-04
  -9.690000      7.4620743E-04
  -9.680000      6.5026892E-04
  -9.670000      5.4589147E-04
  -9.660000      4.3756116E-04
  -9.650000      3.3035548E-04
  -9.640000      2.2967550E-04
  -9.630000      1.4132904E-04
  -9.620000      7.1085640E-05
  -9.610000      2.4727706E-05
  -9.600000      7.7265904E-06
  -9.590000      2.5116915E-05
  -9.580000      8.1286431E-05
  -9.570000      1.7984402E-04
  -9.560000      3.2342915E-04
  -9.550000      5.1362347E-04
  -9.540000      7.5083715E-04
  -9.530000      1.0343045E-03
  -9.520000      1.3618702E-03
  -9.510000      1.7304425E-03
  -9.500000      2.1353366E-03
  -9.490000      2.5711223E-03
  -9.480000      3.0313442E-03
  -9.470000      3.5085110E-03
  -9.460000      3.9946120E-03
  -9.450000      4.4812844E-03
  -9.440000      4.9598175E-03
  -9.430000      5.4214280E-03
  -9.420000      5.8575603E-03
  -9.410000      6.2602819E-03
  -9.400000      6.6217878E-03
  -9.390000      6.9356458E-03
  -9.380000      7.1960199E-03
  -9.370000      7.3983194E-03
  -9.360000      7.5388812E-03
  -9.350000      7.6156431E-03
  -9.340000      7.6277656E-03
  -9.330000      7.5757392E-03
  -9.320000      7.4612852E-03
  -9.310000      7.2873766E-03
  -9.300000      7.0580011E-03
  -9.290000      6.7783664E-03
  -9.280000      6.4547057E-03
  -9.270000      6.0932776E-03
  -9.260000      5.7014646E-03
  -9.250000      5.2868519E-03
  -9.240000      4.8568598E-03
  -9.230000      4.4191554E-03
  -9.220000      3.9808857E-03
  -9.210000      3.5488931E-03
  -9.200000      3.1295179E-03
  -9.190000      2.7281120E-03
  -9.180000      2.3493520E-03
  -9.170000      1.9972951E-03
  -9.160000      1.6747133E-03
  -9.150000      1.3836350E-03
  -9.140000      1.1251761E-03
  -9.130000      8.9957792E-04
  -9.120000      7.0634217E-04
  -9.110000      5.4423953E-04
  -9.100000      4.1141847E-04
  -9.090000      3.0559517E-04
  -9.080000      2.2403206E-04
  -9.070000      1.6381123E-04
  -9.060000      1.2183266E-04
  -9.050000      9.4995441E-05
  -9.040000      8.0244317E-05
  -9.030000      7.4719355E-05
  -9.020000      7.5772135E-05
  -9.010000      8.1061808E-05
  -9.000000      8.8590939E-05
  -8.990000      9.6716874E-05
  -8.980000      1.0416697E-04
  -8.970000      1.1003132E-04
  -8.960000      1.1374155E-04
  -8.950000      1.1502451E-04
  -8.940000      1.1388186E-04
  -8.930000      1.1051258E-04
  -8.920000      1.0528152E-04
  -8.910000      9.8655531E-05
  -8.900000      9.1156522E-05
  -8.890000      8.3306433E-05
  -8.880000      7.5598284E-05
  -8.870000      6.8446876E-05
  -8.860000      6.2183222E-05
  -8.850000      5.7025540E-05
  -8.840000      5.3080534E-05
  -8.830000      5.0340062E-05
  -8.820000      4.8701793E-05
  -8.810000      4.7977464E-05
  -8.800000      4.7921843E-05
  -8.790000      4.8255184E-05
  -8.780000      4.8688820E-05
  -8.770000      4.8953614E-05
  -8.760000      4.8821486E-05
  -8.750000      4.8129161E-05
  -8.740000      4.6791301E-05
  -8.730000      4.4803099E-05
  -8.720000      4.2248663E-05
  -8.710000      3.9289956E-05
  -8.700000      3.6159618E-05
  -8.690000      3.3141587E-05
  -8.680000      3.0548075E-05
  -8.670000      2.8689210E-05
  -8.660000      2.7855069E-05
  -8.650000      2.8285356E-05
  -8.640000      3.0140618E-05
  -8.630000      3.3488872E-05
  -8.620000      3.8287526E-05
  -8.610000      4.4374279E-05
  -8.600000      5.1470979E-05
  -8.590000      5.9189795E-05
  -8.580000      6.7050860E-05
  -8.570000      7.4509320E-05
  -8.560000      8.0990321E-05
  -8.550000      8.5921514E-05
  -8.540000      8.8784778E-05
  -8.530000      8.9165173E-05
  -8.520000      8.6787855E-05
  -8.510000      8.1568003E-05
  -8.500000      7.3651994E-05
  -8.490000      6.3448453E-05
  -8.480000      5.1640618E-05
  -8.470000      3.9217688E-05
  -8.460000      2.7451049E-05
  -8.450000      1.7891267E-05
  -8.440000      1.2326357E-05
  -8.430000      1.2741435E-05
  -8.420000      2.1259821E-05
  -8.410000      4.0075574E-05
  -8.400000      7.1366936E-05
  -8.390000      1.1720019E-04
  -8.380000      1.7949619E-04
  -8.370000      2.5985818E-04
  -8.360000      3.5952919E-04
  -8.350000      4.7932102E-04
  -8.340000      6.1959139E-04
  -8.330000      7.8001939E-04
  -8.320000      9.5984823E-04
  -8.310000      1.1575182E-03
  -8.300000      1.3710244E-03
  -8.290000      1.5976233E-03
  -8.280000      1.8340950E-03
  -8.270000      2.0767802E-03
  -8.260000      2.3215562E-03
  -8.250000      2.5640519E-03
  -8.240000      2.7996716E-03
  -8.230000      3.0238668E-03
  -8.220000      3.2321729E-03
  -8.210000      3.4203378E-03
  -8.200000      3.5844033E-03
  -8.190000      3.7210307E-03
  -8.180000      3.8273591E-03
  -8.170000      3.9012374E-03
  -8.160000      3.9412775E-03
  -8.150000      3.9468752E-03
  -8.140000      3.9182249E-03
  -8.130000      3.8560973E-03
  -8.120000      3.7622899E-03
  -8.110000      3.6392445E-03
  -8.100000      3.4898648E-03
  -8.090000      3.3176402E-03
  -8.080000      3.1264694E-03
  -8.070000      2.9204099E-03
  -8.060000      2.7037573E-03
  -8.050000      2.4806967E-03
  -8.040000      2.2554793E-03
  -8.030000      2.0318320E-03
  -8.020000      1.8133720E-03
  -8.010000      1.6031871E-03
  -8.000000      1.4039212E-03
  -7.990000      1.2175835E-03
  -7.980000      1.0457570E-03
  -7.970000      8.8930596E-04
  -7.960000      7.4866595E-04
  -7.950000      6.2375946E-04
  -7.940000      5.1410694E-04
  -7.930000      4.1887441E-04
  -7.920000      3.3697500E-04
  -7.910000      2.6719214E-04
  -7.900000      2.0820787E-04
  -7.890000      1.5879824E-04
  -7.880000      1.1782655E-04
  -7.870000      8.4364561E-05
  -7.860000      5.7664089E-05
  -7.850000      3.7285281E-05
  -7.840000      2.3041261E-05
  -7.830000      1.4992171E-05
  -7.820000      1.3418219E-05
  -7.810000      1.8756520E-05
  -7.800000      3.1536227E-05
  -7.790000      5.2283627E-05
  -7.780000      8.1445913E-05
  -7.770000      1.1928495E-04
  -7.760000      1.6582530E-04
  -7.750000      2.2072645E-04
  -7.740000      2.8326822E-04
  -7.730000      3.5230260E-04
  -7.720000      4.2623241E-04
  -7.710000      5.0303206E-04
  -7.700000      5.8035419E-04
  -7.690000      6.5547397E-04
  -7.680000      7.2558026E-04
  -7.670000      7.8770699E-04
  -7.660000      8.3904847E-04
  -7.650000      8.7704457E-04
  -7.640000      8.9959800E-04
  -7.630000      9.0517791E-04
  -7.620000      8.9304085E-04
  -7.610000      8.6331787E-04
  -7.600000      8.1716763E-04
  -7.590000      7.5679732E-04
  -7.580000      6.8555196E-04
  -7.570000      6.0777331E-04
  -7.560000      5.2886258E-04
  -7.550000      4.5497163E-04
  -7.540000      3.9295756E-04
  -7.530000      3.5009388E-04
  -7.520000      3.3375324E-04
  -7.510000      3.5107043E-04
  -7.500000      4.0859875E-04
  -7.490000      5.1198486E-04
  -7.480000      6.6549471E-04
  -7.470000      8.7180833E-04
  -7.460000      1.1315807E-03
  -7.450000      1.4433174E-03
  -7.440000      1.8030249E-03
  -7.430000      2.2042918E-03
  -7.420000      2.6380990E-03
  -7.410000      3.0934792E-03
  -7.400000      3.5568774E-03
  -7.390000      4.0131323E-03
  -7.380000      4.4458196E-03
  -7.370000      4.8378389E-03
  -7.360000      5.1718415E-03
  -7.350000      5.4315384E-03
  -7.340000      5.6016720E-03
  -7.330000      5.6696427E-03
  -7.320000      5.6256093E-03
  -7.310000      5.4639992E-03
  -7.300000      5.1839971E-03
  -7.290000      4.7902372E-03
  -7.280000      4.2931633E-03
  -7.270000      3.7098285E-03
  -7.260000      3.0638813E-03
  -7.250000      2.3860200E-03
  -7.240000      1.7129456E-03
  -7.230000      1.0884705E-03
  -7.220000      5.6099071E-04
  -7.210000      1.8428755E-04
  -7.200000      1.5528072E-05
  -7.190000      1.1429227E-04
  -7.180000      5.4108136E-04
  -7.170000      1.3554211E-03
  -7.160000      2.6146364E-03
  -7.150000      4.3710619E-03
  -7.140000      6.6726170E-03
  -7.130000      9.5571214E-03
  -7.120000      1.3055203E-02
  -7.110000      1.7185016E-02
  -7.100000      2.1954186E-02
  -7.090000      2.7356079E-02
  -7.080000      3.3370122E-02
  -7.070000      3.9959766E-02
  -7.060000      4.7080625E-02
  -7.050000      5.4666568E-02
  -7.040000      6.2640131E-02
  -7.030000      7.0911415E-02
  -7.020000      7.9380170E-02
  -7.010000      8.7933682E-02
  -7.000000      9.6456811E-02
  -6.990000      0.1048215    
  -6.980000      0.1129011    
  -6.970000      0.1205711    
  -6.960000      0.1277009    
  -6.950000      0.1341733    
  -6.940000      0.1398790    
  -6.930000      0.1447159    
  -6.920000      0.1485970    
  -6.910000      0.1514527    
  -6.900000      0.1532251    
  -6.890000      0.1538819    
  -6.880000      0.1534083    
  -6.870000      0.1518093    
  -6.860000      0.1491100    
  -6.850000      0.1453514    
  -6.840000      0.1405951    
  -6.830000      0.1349221    
  -6.820000      0.1284325    
  -6.810000      0.1212300    
  -6.800000      0.1134321    
  -6.790000      0.1051642    
  -6.780000      9.6562371E-02
  -6.770000      8.7758884E-02
  -6.760000      7.8887068E-02
  -6.750000      7.0077710E-02
  -6.740000      6.1458491E-02
  -6.730000      5.3140067E-02
  -6.720000      4.5231678E-02
  -6.710000      3.7822090E-02
  -6.700000      3.0992858E-02
  -6.690000      2.4803998E-02
  -6.680000      1.9302007E-02
  -6.670000      1.4514272E-02
  -6.660000      1.0452959E-02
  -6.650000      7.1123904E-03
  -6.640000      4.4714729E-03
  -6.630000      2.4953648E-03
  -6.620000      1.1362435E-03
  -6.610000      3.3560881E-04
  -6.600000      2.6515774E-05
  -6.590000      1.3572312E-04
  -6.580000      5.8667595E-04
  -6.570000      1.3010092E-03
  -6.560000      2.2012196E-03
  -6.550000      3.2123642E-03
  -6.540000      4.2654132E-03
  -6.530000      5.2967067E-03
  -6.520000      6.2513035E-03
  -6.510000      7.0827394E-03
  -6.500000      7.7548283E-03
  -6.490000      8.2410928E-03
  -6.480000      8.5257152E-03
  -6.470000      8.6029870E-03
  -6.460000      8.4765991E-03
  -6.450000      8.1590218E-03
  -6.440000      7.6702484E-03
  -6.430000      7.0367516E-03
  -6.420000      6.2901159E-03
  -6.410000      5.4651783E-03
  -6.400000      4.5985556E-03
  -6.390000      3.7276784E-03
  -6.380000      2.8878269E-03
  -6.370000      2.1128103E-03
  -6.360000      1.4319671E-03
  -6.350000      8.7022234E-04
  -6.340000      4.4683885E-04
  -6.330000      1.7513000E-04
  -6.320000      6.1777100E-05
  -6.310000      1.0723457E-04
  -6.300000      3.0558664E-04
  -6.290000      6.4531062E-04
  -6.280000      1.1095150E-03
  -6.270000      1.6771475E-03
  -6.260000      2.3231036E-03
  -6.250000      3.0207457E-03
  -6.240000      3.7411912E-03
  -6.230000      4.4557969E-03
  -6.220000      5.1364126E-03
  -6.210000      5.7568601E-03
  -6.200000      6.2935362E-03
  -6.190000      6.7266640E-03
  -6.180000      7.0404168E-03
  -6.170000      7.2240978E-03
  -6.160000      7.2718663E-03
  -6.150000      7.1830195E-03
  -6.140000      6.9618630E-03
  -6.130000      6.6177328E-03
  -6.120000      6.1645238E-03
  -6.110000      5.6197830E-03
  -6.100000      5.0040167E-03
  -6.090000      4.3398533E-03
  -6.080000      3.6519624E-03
  -6.070000      2.9653115E-03
  -6.060000      2.3044136E-03
  -6.050000      1.6924867E-03
  -6.040000      1.1512182E-03
  -6.030000      6.9923833E-04
  -6.020000      3.5224209E-04
  -6.010000      1.2205041E-04
  -6.000000      1.6627933E-05
  -5.990000      3.9635972E-05
  -5.980000      1.9053069E-04
  -5.970000      4.6457761E-04
  -5.960000      8.5329759E-04
  -5.950000      1.3445767E-03
  -5.940000      1.9234571E-03
  -5.930000      2.5719926E-03
  -5.920000      3.2713169E-03
  -5.910000      4.0002977E-03
  -5.900000      4.7385190E-03
  -5.890000      5.4649152E-03
  -5.880000      6.1598429E-03
  -5.870000      6.8049328E-03
  -5.860000      7.3840814E-03
  -5.850000      7.8832023E-03
  -5.840000      8.2916562E-03
  -5.830000      8.6016050E-03
  -5.820000      8.8082664E-03
  -5.810000      8.9098839E-03
  -5.800000      8.9080594E-03
  -5.790000      8.8067548E-03
  -5.780000      8.6128311E-03
  -5.770000      8.3352886E-03
  -5.760000      7.9844883E-03
  -5.750000      7.5725680E-03
  -5.740000      7.1119741E-03
  -5.730000      6.6159181E-03
  -5.720000      6.0974229E-03
  -5.710000      5.5691209E-03
  -5.700000      5.0426694E-03
  -5.690000      4.5286985E-03
  -5.680000      4.0361066E-03
  -5.670000      3.5723592E-03
  -5.660000      3.1433122E-03
  -5.650000      2.7528277E-03
  -5.640000      2.4031813E-03
  -5.630000      2.0947489E-03
  -5.620000      1.8267758E-03
  -5.610000      1.5968919E-03
  -5.600000      1.4018662E-03
  -5.590000      1.2376646E-03
  -5.580000      1.0998113E-03
  -5.570000      9.8350528E-04
  -5.560000      8.8411325E-04
  -5.550000      7.9717720E-04
  -5.540000      7.1885757E-04
  -5.530000      6.4588193E-04
  -5.520000      5.7580095E-04
  -5.510000      5.0695706E-04
  -5.500000      4.3856693E-04
  -5.490000      3.7063871E-04
  -5.480000      3.0397388E-04
  -5.470000      2.3996556E-04
  -5.460000      1.8050175E-04
  -5.450000      1.2779783E-04
  -5.440000      8.4185507E-05
  -5.430000      5.1944848E-05
  -5.420000      3.3165448E-05
  -5.410000      2.9489031E-05
  -5.400000      4.2056330E-05
  -5.390000      7.1354458E-05
  -5.380000      1.1715181E-04
  -5.370000      1.7843216E-04
  -5.360000      2.5345827E-04
  -5.350000      3.3977797E-04
  -5.340000      4.3435147E-04
  -5.330000      5.3361675E-04
  -5.320000      6.3367054E-04
  -5.310000      7.3043542E-04
  -5.300000      8.1992906E-04
  -5.290000      8.9824141E-04
  -5.280000      9.6196012E-04
  -5.270000      1.0081372E-03
  -5.260000      1.0346059E-03
  -5.250000      1.0399927E-03
  -5.240000      1.0237917E-03
  -5.230000      9.8653010E-04
  -5.220000      9.2968310E-04
  -5.210000      8.5568649E-04
  -5.200000      7.6776301E-04
  -5.190000      6.6996651E-04
  -5.180000      5.6690106E-04
  -5.170000      4.6361421E-04
  -5.160000      3.6529396E-04
  -5.150000      2.7712472E-04
  -5.140000      2.0402788E-04
  -5.130000      1.5046266E-04
  -5.120000      1.2013644E-04
  -5.110000      1.1593953E-04
  -5.100000      1.3969252E-04
  -5.090000      1.9210795E-04
  -5.080000      2.7265991E-04
  -5.070000      3.7962428E-04
  -5.060000      5.1011413E-04
  -5.050000      6.6011498E-04
  -5.040000      8.2467293E-04
  -5.030000      9.9802436E-04
  -5.020000      1.1738364E-03
  -5.010000      1.3454927E-03
  -5.000000      1.5062024E-03
  -4.990000      1.6494959E-03
  -4.980000      1.7692902E-03
  -4.970000      1.8602601E-03
  -4.960000      1.9179992E-03
  -4.950000      1.9394407E-03
  -4.940000      1.9228355E-03
  -4.930000      1.8678822E-03
  -4.920000      1.7759231E-03
  -4.910000      1.6498190E-03
  -4.900000      1.4941101E-03
  -4.890000      1.3146951E-03
  -4.880000      1.1188262E-03
  -4.870000      9.1471628E-04
  -4.860000      7.1147509E-04
  -4.850000      5.1856367E-04
  -4.840000      3.4572103E-04
  -4.830000      2.0243315E-04
  -4.820000      9.7656964E-05
  -4.810000      3.9496939E-05
  -4.800000      3.4878380E-05
  -4.790000      8.9241759E-05
  -4.780000      2.0644674E-04
  -4.770000      3.8856087E-04
  -4.760000      6.3554512E-04
  -4.750000      9.4548188E-04
  -4.740000      1.3144560E-03
  -4.730000      1.7365518E-03
  -4.720000      2.2041397E-03
  -4.710000      2.7079927E-03
  -4.700000      3.2375865E-03
  -4.690000      3.7812649E-03
  -4.680000      4.3268749E-03
  -4.670000      4.8615187E-03
  -4.660000      5.3731990E-03
  -4.650000      5.8494546E-03
  -4.640000      6.2794262E-03
  -4.630000      6.6530653E-03
  -4.620000      6.9616740E-03
  -4.610000      7.1985722E-03
  -4.600000      7.3592300E-03
  -4.590000      7.4407635E-03
  -4.580000      7.4426541E-03
  -4.570000      7.3663499E-03
  -4.560000      7.2153877E-03
  -4.550000      6.9951951E-03
  -4.540000      6.7126723E-03
  -4.530000      6.3761170E-03
  -4.520000      5.9950305E-03
  -4.510000      5.5796867E-03
  -4.500000      5.1405206E-03
  -4.490000      4.6881009E-03
  -4.480000      4.2330315E-03
  -4.470000      3.7850451E-03
  -4.460000      3.3531468E-03
  -4.450000      2.9453086E-03
  -4.440000      2.5678915E-03
  -4.430000      2.2263678E-03
  -4.420000      1.9242823E-03
  -4.410000      1.6637107E-03
  -4.400000      1.4452222E-03
  -4.390000      1.2679038E-03
  -4.380000      1.1295183E-03
  -4.370000      1.0265808E-03
  -4.360000      9.5477997E-04
  -4.350000      9.0905855E-04
  -4.340000      8.8397024E-04
  -4.330000      8.7387464E-04
  -4.320000      8.7324058E-04
  -4.310000      8.7689381E-04
  -4.300000      8.8017812E-04
  -4.290000      8.7920250E-04
  -4.280000      8.7089249E-04
  -4.270000      8.5313874E-04
  -4.260000      8.2479493E-04
  -4.250000      7.8570831E-04
  -4.240000      7.3663914E-04
  -4.230000      6.7910901E-04
  -4.220000      6.1539770E-04
  -4.210000      5.4824020E-04
  -4.200000      4.8073955E-04
  -4.190000      4.1611711E-04
  -4.180000      3.5753119E-04
  -4.170000      3.0786631E-04
  -4.160000      2.6957676E-04
  -4.150000      2.4451868E-04
  -4.140000      2.3381520E-04
  -4.130000      2.3782761E-04
  -4.120000      2.5609066E-04
  -4.110000      2.8733132E-04
  -4.100000      3.2951648E-04
  -4.090000      3.7999343E-04
  -4.080000      4.3560253E-04
  -4.070000      4.9286900E-04
  -4.060000      5.4818171E-04
  -4.050000      5.9797947E-04
  -4.040000      6.3903403E-04
  -4.030000      6.6852319E-04
  -4.020000      6.8428088E-04
  -4.010000      6.8494887E-04
  -4.000000      6.7006791E-04
  -3.990000      6.4013753E-04
  -3.980000      5.9658085E-04
  -3.970000      5.4183300E-04
  -3.960000      4.7913624E-04
  -3.950000      4.1252357E-04
  -3.940000      3.4652662E-04
  -3.930000      2.8602604E-04
  -3.920000      2.3595871E-04
  -3.910000      2.0110646E-04
  -3.900000      1.8574993E-04
  -3.890000      1.9343122E-04
  -3.880000      2.2673234E-04
  -3.870000      2.8702396E-04
  -3.860000      3.7432718E-04
  -3.850000      4.8722321E-04
  -3.840000      6.2277156E-04
  -3.830000      7.7670952E-04
  -3.820000      9.4340148E-04
  -3.810000      1.1160771E-03
  -3.800000      1.2872660E-03
  -3.790000      1.4488072E-03
  -3.780000      1.5925113E-03
  -3.770000      1.7104137E-03
  -3.760000      1.7952463E-03
  -3.750000      1.8408862E-03
  -3.740000      1.8427655E-03
  -3.730000      1.7982572E-03
  -3.720000      1.7071279E-03
  -3.710000      1.5716738E-03
  -3.700000      1.3971032E-03
  -3.690000      1.1913634E-03
  -3.680000      9.6542388E-04
  -3.670000      7.3290156E-04
  -3.660000      5.0999795E-04
  -3.650000      3.1491680E-04
  -3.640000      1.6752248E-04
  -3.630000      8.8469395E-05
  -3.620000      9.8800381E-05
  -3.610000      2.1902335E-04
  -3.600000      4.6840284E-04
  -3.590000      8.6429721E-04
  -3.580000      1.4212296E-03
  -3.570000      2.1503693E-03
  -3.560000      3.0587155E-03
  -3.550000      4.1492730E-03
  -3.540000      5.4198480E-03
  -3.530000      6.8633575E-03
  -3.520000      8.4679006E-03
  -3.510000      1.0215341E-02
  -3.500000      1.2084155E-02
  -3.490000      1.4047352E-02
  -3.480000      1.6074402E-02
  -3.470000      1.8131517E-02
  -3.460000      2.0181667E-02
  -3.450000      2.2186873E-02
  -3.440000      2.4107410E-02
  -3.430000      2.5905484E-02
  -3.420000      2.7545013E-02
  -3.410000      2.8991804E-02
  -3.400000      3.0216148E-02
  -3.390000      3.1192686E-02
  -3.380000      3.1902965E-02
  -3.370000      3.2334652E-02
  -3.360000      3.2481190E-02
  -3.350000      3.2342736E-02
  -3.340000      3.1927392E-02
  -3.330000      3.1248311E-02
  -3.320000      3.0323725E-02
  -3.310000      2.9177835E-02
  -3.300000      2.7838361E-02
  -3.290000      2.6336493E-02
  -3.280000      2.4703721E-02
  -3.270000      2.2974432E-02
  -3.260000      2.1181602E-02
  -3.250000      1.9358775E-02
  -3.240000      1.7536510E-02
  -3.230000      1.5743870E-02
  -3.220000      1.4006091E-02
  -3.210000      1.2345059E-02
  -3.200000      1.0778978E-02
  -3.190000      9.3219019E-03
  -3.180000      7.9831127E-03
  -3.170000      6.7680865E-03
  -3.160000      5.6788702E-03
  -3.150000      4.7131567E-03
  -3.140000      3.8663116E-03
  -3.130000      3.1313973E-03
  -3.120000      2.4996267E-03
  -3.110000      1.9619139E-03
  -3.100000      1.5086747E-03
  -3.090000      1.1310991E-03
  -3.080000      8.2161237E-04
  -3.070000      5.7417445E-04
  -3.060000      3.8482677E-04
  -3.050000      2.5153506E-04
  -3.040000      1.7436637E-04
  -3.030000      1.5512714E-04
  -3.020000      1.9711895E-04
  -3.010000      3.0444609E-04
  -3.000000      4.8142220E-04
  -2.990000      7.3205185E-04
  -2.980000      1.0588220E-03
  -2.970000      1.4626075E-03
  -2.960000      1.9411877E-03
  -2.950000      2.4893929E-03
  -2.940000      3.0981104E-03
  -2.930000      3.7549280E-03
  -2.920000      4.4430792E-03
  -2.910000      5.1430021E-03
  -2.900000      5.8320141E-03
  -2.890000      6.4856256E-03
  -2.880000      7.0788017E-03
  -2.870000      7.5866790E-03
  -2.860000      7.9863491E-03
  -2.850000      8.2581388E-03
  -2.840000      8.3868932E-03
  -2.830000      8.3636288E-03
  -2.820000      8.1859063E-03
  -2.810000      7.8597097E-03
  -2.800000      7.3995660E-03
  -2.790000      6.8295561E-03
  -2.780000      6.1829388E-03
  -2.770000      5.5021676E-03
  -2.760000      4.8381807E-03
  -2.750000      4.2490936E-03
  -2.740000      3.7981016E-03
  -2.730000      3.5517090E-03
  -2.720000      3.5764575E-03
  -2.710000      3.9357427E-03
  -2.700000      4.6865446E-03
  -2.690000      5.8756727E-03
  -2.680000      7.5360821E-03
  -2.670000      9.6837794E-03
  -2.660000      1.2317625E-02
  -2.650000      1.5412228E-02
  -2.640000      1.8924538E-02
  -2.630000      2.2786004E-02
  -2.620000      2.6909638E-02
  -2.610000      3.1187601E-02
  -2.600000      3.5495918E-02
  -2.590000      3.9693981E-02
  -2.580000      4.3632880E-02
  -2.570000      4.7157429E-02
  -2.560000      5.0117981E-02
  -2.550000      5.2362345E-02
  -2.540000      5.3746141E-02
  -2.530000      5.4145452E-02
  -2.520000      5.3463727E-02
  -2.510000      5.1641911E-02
  -2.500000      4.8672926E-02
  -2.490000      4.4608805E-02
  -2.480000      3.9569121E-02
  -2.470000      3.3738323E-02
  -2.460000      2.7372692E-02
  -2.450000      2.0798611E-02
  -2.440000      1.4407189E-02
  -2.430000      8.6435303E-03
  -2.420000      4.0045204E-03
  -2.410000      1.0259592E-03
  -2.400000      2.7531362E-04
  -2.390000      2.3414460E-03
  -2.380000      7.8280075E-03
  -2.370000      1.7341712E-02
  -2.360000      3.1477440E-02
  -2.350000      5.0814427E-02
  -2.340000      7.5873263E-02
  -2.330000      0.1071092    
  -2.320000      0.1448819    
  -2.310000      0.1894640    
  -2.300000      0.2409365    
  -2.290000      0.2992799    
  -2.280000      0.3642642    
  -2.270000      0.4354303    
  -2.260000      0.5120776    
  -2.250000      0.5935131    
  -2.240000      0.6789849    
  -2.230000      0.7674567    
  -2.220000      0.8575647    
  -2.210000      0.9480508    
  -2.200000       1.038076    
  -2.190000       1.126512    
  -2.180000       1.212383    
  -2.170000       1.294460    
  -2.160000       1.371399    
  -2.150000       1.442750    
  -2.140000       1.507709    
  -2.130000       1.565526    
  -2.120000       1.615204    
  -2.110000       1.655567    
  -2.100000       1.685627    
  -2.090000       1.703356    
  -2.080000       1.707180    
  -2.070000       1.696155    
  -2.060000       1.670300    
  -2.050000       1.629169    
  -2.040000       1.575195    
  -2.030000       1.514144    
  -2.020000       1.449784    
  -2.010000       1.396834    
  -2.000000       1.379505    
  -1.990000       1.373339    
  -1.980000       1.297422    
  -1.970000       1.097161    
  -1.960000      0.8651533    
  -1.950000      0.6913744    
  -1.940000      0.5866168    
  -1.930000      0.5273305    
  -1.920000      0.4918098    
  -1.910000      0.4385347    
  -1.900000      0.3575084    
  -1.890000      0.2724857    
  -1.880000      0.1990979    
  -1.870000      0.1451488    
  -1.860000      0.1174743    
  -1.850000      9.8692611E-02
  -1.840000      6.7537770E-02
  -1.830000      4.2960610E-02
  -1.820000      2.5677091E-02
  -1.810000      9.3099754E-03
  -1.800000      1.0310936E-03
  -1.790000      1.7031441E-03
  -1.780000      4.8329597E-03
  -1.770000      9.8145697E-03
  -1.760000      1.6574839E-02
  -1.750000      2.9263636E-02
  -1.740000      5.3983014E-02
  -1.730000      8.0726296E-02
  -1.720000      0.1054421    
  -1.710000      0.1107050    
  -1.700000      9.1157839E-02
  -1.690000      6.1243758E-02
  -1.680000      5.1983908E-02
  -1.670000      5.2314300E-02
  -1.660000      7.6829322E-02
  -1.650000      0.1464402    
  -1.640000      0.1883073    
  -1.630000      0.2180120    
  -1.620000      0.2928721    
  -1.610000      0.2622941    
  -1.600000      0.1143319    
  -1.590000      3.0904546E-02
  -1.580000      1.5063744E-02
  -1.570000      1.8092811E-02
  -1.560000      2.6276210E-02
  -1.550000      3.5672862E-02
  -1.540000      4.1095994E-02
  -1.530000      2.8124128E-02
  -1.520000      1.1931186E-02
  -1.510000      5.0607058E-03
  -1.500000      2.6528726E-03
  -1.490000      2.2101363E-03
  -1.480000      2.0645608E-03
  -1.470000      1.9077347E-03
  -1.460000      2.3352834E-03
  -1.450000      4.3099169E-03
  -1.440000      5.4590693E-03
  -1.430000      7.3881447E-03
  -1.420000      1.2771557E-02
  -1.410000      1.4024445E-02
  -1.400000      6.5952414E-03
  -1.390000      2.5847177E-03
  -1.380000      1.6516406E-03
  -1.370000      1.4573121E-03
  -1.360000      1.4398218E-03
  -1.350000      1.2297720E-03
  -1.340000      1.1174602E-03
  -1.330000      1.0377311E-03
  -1.320000      9.9159894E-04
  -1.310000      9.0489688E-04
  -1.300000      8.2572852E-04
  -1.290000      7.7350042E-04
  -1.280000      7.2640949E-04
  -1.270000      6.6514127E-04
  -1.260000      5.9237861E-04
  -1.250000      5.2571361E-04
  -1.240000      4.6738642E-04
  -1.230000      4.1018988E-04
  -1.220000      3.5132305E-04
  -1.210000      2.9693465E-04
  -1.200000      2.5014620E-04
  -1.190000      2.0983502E-04
  -1.180000      1.5687928E-04
  -1.170000      4.8250073E-05
  -1.160000     -1.1034608E-04
  -1.150000     -5.9872027E-04
  -1.140000     -1.4256851E-03
  -1.130000      9.0253493E-03
  -1.120000      7.7557877E-02
  -1.110000      0.2049188    
  -1.100000      0.2098455    
  -1.090000      9.1347210E-02
  -1.080000      7.5495988E-02
  -1.070000      9.7659796E-02
  -1.060000      0.1422141    
  -1.050000      0.1160673    
  -1.040000      5.1390193E-02
  -1.030000      1.4105781E-02
  -1.020000      4.8977314E-03
  -1.010000      3.3081642E-03
  -1.000000      5.6781783E-03
 -0.9900000      6.6568684E-03
 -0.9800000      3.1216822E-03
 -0.9700000      1.8838637E-03
 -0.9600000      5.0064251E-03
 -0.9500000      8.5976161E-03
 -0.9400000      2.2721160E-03
 -0.9300000      4.0732842E-04
 -0.9200000      7.8046828E-04
 -0.9100000      1.0688106E-03
 -0.9000000      5.7139469E-04
 -0.8900000      8.4399915E-04
 -0.8800000      9.8508853E-04
 -0.8700000      7.6025655E-04
 -0.8600000      3.4321421E-03
 -0.8500000      2.9080126E-03
 -0.8400000      3.5847435E-04
 -0.8300000      7.6884382E-05
 -0.8200000      8.7433422E-05
 -0.8100000      2.0301265E-04
 -0.8000000      2.3382065E-04
 -0.7900000      4.8242425E-04
 -0.7800000      4.3586778E-04
 -0.7700000      4.2494541E-04
 -0.7600000      3.6812344E-04
 -0.7500000      2.2816820E-04
 -0.7400000      2.0994010E-04
 -0.7300000      1.8782473E-04
 -0.7200000      6.8429776E-04
 -0.7100000      9.0307673E-04
 -0.7000000      1.2477195E-04
 -0.6900000      1.6398966E-05
 -0.6800000      2.7666085E-05
 -0.6700000      4.2191902E-04
 -0.6600000      1.1050642E-03
 -0.6500000      2.5974482E-04
 -0.6400000      9.5638807E-04
 -0.6300000      3.8271227E-03
 -0.6200000      1.5678920E-03
 -0.6100000      1.5923720E-04
 -0.6000000      5.4473546E-04
 -0.5900000      4.4559204E-04
 -0.5800000      9.6295436E-05
 -0.5700000      1.3443496E-04
 -0.5600000      3.0721335E-03
 -0.5500000      4.4976389E-03
 -0.5400000      5.6020112E-04
 -0.5300000     -5.5675631E-05
 -0.5200000      2.8217735E-04
 -0.5100000      1.2849156E-03
 -0.5000000      4.7429246E-04
 -0.4900000      4.7413228E-05
 -0.4800000     -1.9348605E-05
 -0.4700000      2.6563366E-04
 -0.4600000      3.5012343E-03
 -0.4500000      4.4209142E-03
 -0.4400000      6.0135144E-04
 -0.4300000      5.6528599E-05
 -0.4200000      5.6128265E-05
 -0.4100000      8.6708045E-05
 -0.4000000      1.9789787E-04
 -0.3900000      7.0473307E-04
 -0.3800000      1.1268002E-03
 -0.3700000      8.0025487E-04
 -0.3600000      1.4615465E-04
 -0.3500000      3.6703801E-05
 -0.3400000      2.2988233E-05
 -0.3300000      1.6746049E-05
 -0.3200000      1.1491077E-05
 -0.3100000      8.0927102E-06
 -0.3000000      6.4808387E-06
 -0.2900000      6.1364676E-06
 -0.2800000      6.6709281E-06
 -0.2700000      1.1619618E-05
 -0.2600000      5.1920611E-05
 -0.2500000      1.8521761E-04
 -0.2400000      1.7921517E-04
 -0.2300000      1.3568651E-04
 -0.2200000      1.1380527E-04
 -0.2100000      1.1638305E-04
 -0.2000000      1.2771165E-04
 -0.1900000      1.4078092E-04
 -0.1800000      1.5421541E-04
 -0.1700000      1.6827507E-04
 -0.1600000      1.8234350E-04
 -0.1500000      1.9632983E-04
 -0.1400000      2.1584803E-04
 -0.1300000      2.7234745E-04
 -0.1200000      4.4303710E-04
 -0.1100000      7.0040277E-04
 -0.1000000      4.3916440E-04
 -9.0000004E-02  2.1389341E-04
 -7.9999998E-02  1.6260690E-04
 -7.0000000E-02  1.3913520E-04
 -5.9999999E-02  1.1695176E-04
 -5.0000001E-02  9.4687210E-05
 -3.9999999E-02  7.3103241E-05
 -2.9999999E-02  5.3229083E-05
 -2.0000000E-02  3.7298072E-05
 -9.9999998E-03  2.6124544E-05
  0.0000000E+00  2.7863258E-05
  9.9999998E-03  1.0043973E-04
  2.0000000E-02  5.0330505E-04
  2.9999999E-02  6.2508788E-04
  3.9999999E-02  4.0166485E-04
  5.0000001E-02  2.1447991E-04
  5.9999999E-02  2.4332941E-04
  7.0000000E-02  3.2529046E-04
  7.9999998E-02  4.1826454E-04
  9.0000004E-02  6.2709040E-04
  0.1000000      2.0642476E-03
  0.1100000      4.1672657E-03
  0.1200000      1.7513037E-03
  0.1300000      1.2995980E-03
  0.1400000      1.5116088E-03
  0.1500000      1.7976582E-03
  0.1600000      2.4528585E-03
  0.1700000      3.9744158E-03
  0.1800000      3.1557099E-03
  0.1900000      2.8349035E-03
  0.2000000      3.0807198E-03
  0.2100000      4.6197879E-03
  0.2200000      9.4445376E-03
  0.2300000      5.9489720E-03
  0.2400000      4.2015580E-03
  0.2500000      4.4980985E-03
  0.2600000      5.1950142E-03
  0.2700000      5.9956275E-03
  0.2800000      5.1973336E-03
  0.2900000      5.2107442E-03
  0.3000000      1.4165450E-02
  0.3100000      3.1161448E-02
  0.3200000      1.0634996E-02
  0.3300000      6.0453257E-03
  0.3400000      2.0537449E-02
  0.3500000      3.1712878E-02
  0.3600000      8.8863736E-03
  0.3700000      7.7796876E-03
  0.3800000      9.9050160E-03
  0.3900000      8.0115888E-03
  0.4000000      1.9194869E-02
  0.4100000      0.1084057    
  0.4200000      6.2171344E-02
  0.4300000      8.1569394E-03
  0.4400000      1.0324821E-02
  0.4500000      8.0772806E-03
  0.4600000      6.1313412E-03
  0.4700000      8.5003320E-03
  0.4800000      9.3651209E-03
  0.4900000      4.6287975E-03
  0.5000000      8.5735014E-03
  0.5100000      6.6026519E-03
  0.5200000      2.5571701E-03
  0.5300000      3.5131534E-03
  0.5400000      1.4819296E-03
  0.5500000      5.3121673E-04
  0.5600000      1.9615598E-04
  0.5700000     -1.6443453E-04
  0.5800000      3.9096281E-05
  0.5900000      8.7841591E-03
  0.6000000      2.0192295E-02
  0.6100000      3.7858009E-03
  0.6200000      2.0379743E-03
  0.6300000      4.9264249E-03
  0.6400000      1.0086237E-02
  0.6500000      4.0090652E-03
  0.6600000      3.6496317E-03
  0.6700000      1.2023542E-02
  0.6800000      3.8871791E-02
  0.6900000      1.6884997E-02
  0.7000000      2.4829244E-03
  0.7100000      1.6328846E-03
  0.7200000      4.4804565E-03
  0.7300000      2.5266327E-02
  0.7400000      4.4005565E-02
  0.7500000      9.8148221E-03
  0.7600000      1.3079300E-03
  0.7700000      8.9415995E-04
  0.7800000      1.0427864E-03
  0.7900000      1.0803626E-03
  0.8000000      1.1181980E-03
  0.8100000      1.1952302E-03
  0.8200000      1.1307790E-03
  0.8300000      9.9952961E-04
  0.8400000      8.5874437E-04
  0.8500000      5.8966596E-04
  0.8600000      4.0380415E-04
  0.8700000      2.4169305E-04
  0.8800000      1.2934276E-04
  0.8900000      2.0437513E-04
  0.9000000      7.5770938E-04
  0.9100000      6.2790053E-04
  0.9200000      4.9575401E-04
  0.9300000      3.5738657E-04
  0.9400000      9.1582705E-04
  0.9500000      1.8212536E-03
  0.9600000      6.2020123E-04
  0.9700000      2.4903673E-04
  0.9800000      3.5774801E-04
  0.9900000      3.0117371E-04
   1.000000      3.6618736E-04
   1.010000      7.7682827E-04
   1.020000      1.1106764E-03
   1.030000      2.5627858E-03
   1.040000      2.1277340E-03
   1.050000      2.3925295E-03
   1.060000      1.2119260E-03
   1.070000      1.0644699E-03
   1.080000      2.2552481E-03
   1.090000      5.5399262E-03
   1.100000      3.0455680E-03
   1.110000      3.6293929E-03
   1.120000      1.8030342E-03
   1.130000      1.3394598E-03
   1.140000      1.2854061E-03
   1.150000      5.7891081E-03
   1.160000      8.0266343E-03
   1.170000      1.9102685E-02
   1.180000      6.2757954E-02
   1.190000      3.0874019E-02
   1.200000      1.1498706E-02
   1.210000      3.2864854E-02
   1.220000      1.9655595E-02
   1.230000      3.3505629E-03
   1.240000      2.8014020E-03
   1.250000      6.6453260E-03
   1.260000      9.5817130E-03
   1.270000      5.6669521E-03
   1.280000      5.3315489E-03
   1.290000      6.6447239E-03
   1.300000      6.9894684E-03
   1.310000      1.1981607E-02
   1.320000      2.4359331E-02
   1.330000      0.1118920    
   1.340000      0.2091018    
   1.350000      0.1658874    
   1.360000      0.1018196    
   1.370000      3.7028212E-02
   1.380000      1.0724391E-02
   1.390000      6.6702263E-03
   1.400000      6.1824792E-03
   1.410000      6.0010618E-03
   1.420000      5.1347390E-03
   1.430000      5.5513843E-03
   1.440000      6.4241467E-03
   1.450000      8.8744657E-03
   1.460000      1.6161613E-02
   1.470000      5.1149171E-02
   1.480000      0.1315771    
   1.490000      0.1530396    
   1.500000      9.4864406E-02
   1.510000      3.5348736E-02
   1.520000      1.6351862E-02
   1.530000      1.3079964E-02
   1.540000      1.4145286E-02
   1.550000      1.5404559E-02
   1.560000      2.3470413E-02
   1.570000      4.0978543E-02
   1.580000      9.9931665E-02
   1.590000      0.1790089    
   1.600000      0.1423677    
   1.610000      5.4361612E-02
   1.620000      1.6510950E-02
   1.630000      8.7580206E-03
   1.640000      9.3630850E-03
   1.650000      1.2660630E-02
   1.660000      1.5133434E-02
   1.670000      1.3878609E-02
   1.680000      1.4319174E-02
   1.690000      2.0441433E-02
   1.700000      2.2726811E-02
   1.710000      1.4658530E-02
   1.720000      5.6480281E-03
   1.730000      1.7647080E-03
   1.740000      8.1329991E-04
   1.750000      4.3311724E-04
   1.760000      2.4468335E-04
   1.770000      3.2028573E-04
   1.780000      7.1360078E-04
   1.790000      1.3917714E-03
   1.800000      2.2970461E-03
   1.810000      3.8152365E-03
   1.820000      5.8943108E-03
   1.830000      6.9625331E-03
   1.840000      6.9327313E-03
   1.850000      7.6158233E-03
   1.860000      9.0437150E-03
   1.870000      1.0468829E-02
   1.880000      1.1909627E-02
   1.890000      1.3084742E-02
   1.900000      1.4457724E-02
   1.910000      1.7162943E-02
   1.920000      1.9529946E-02
   1.930000      1.8918857E-02
   1.940000      1.6605278E-02
   1.950000      1.5179283E-02
   1.960000      1.4976863E-02
   1.970000      1.5335190E-02
   1.980000      1.5490972E-02
   1.990000      1.4635368E-02
   2.000000      1.3022901E-02
   2.010000      1.1309875E-02
   2.020000      9.7538214E-03
   2.030000      8.3379606E-03
   2.040000      7.0992978E-03
   2.050000      6.1140000E-03
   2.060000      5.4641492E-03
   2.070000      5.2369833E-03
   2.080000      5.5096010E-03
   2.090000      6.3465638E-03
   2.100000      7.7982582E-03
   2.110000      9.8941065E-03
   2.120000      1.2640081E-02
   2.130000      1.6019626E-02
   2.140000      1.9991897E-02
   2.150000      2.4503293E-02
   2.160000      2.9476684E-02
   2.170000      3.4792263E-02
   2.180000      4.0297039E-02
   2.190000      4.5828111E-02
   2.200000      5.1209427E-02
   2.210000      5.6255084E-02
   2.220000      6.0745806E-02
   2.230000      6.4467125E-02
   2.240000      6.7243397E-02
   2.250000      6.8914786E-02
   2.260000      6.9330096E-02
   2.270000      6.8400934E-02
   2.280000      6.6124767E-02
   2.290000      6.2542163E-02
   2.300000      5.7738524E-02
   2.310000      5.1858228E-02
   2.320000      4.5099415E-02
   2.330000      3.7726797E-02
   2.340000      3.0044466E-02
   2.350000      2.2411220E-02
   2.360000      1.5228357E-02
   2.370000      8.9408923E-03
   2.380000      4.0176897E-03
   2.390000      9.5990294E-04
   2.400000      2.7620993E-04
   2.410000      2.4748587E-03
   2.420000      8.0457944E-03
   2.430000      1.7440613E-02
   2.440000      3.1053886E-02
   2.450000      4.9202602E-02
   2.460000      7.2119981E-02
   2.470000      9.9930033E-02
   2.480000      0.1326448    
   2.490000      0.1701666    
   2.500000      0.2122977    
   2.510000      0.2587240    
   2.520000      0.3090181    
   2.530000      0.3626874    
   2.540000      0.4191881    
   2.550000      0.4778632    
   2.560000      0.5380197    
   2.570000      0.5988352    
   2.580000      0.6594386    
   2.590000      0.7189529    
   2.600000      0.7764778    
   2.610000      0.8310948    
   2.620000      0.8818944    
   2.630000      0.9279905    
   2.640000      0.9685299    
   2.650000       1.002778    
   2.660000       1.030069    
   2.670000       1.049888    
   2.680000       1.061862    
   2.690000       1.065791    
   2.700000       1.061590    
   2.710000       1.049372    
   2.720000       1.029447    
   2.730000       1.002238    
   2.740000      0.9683023    
   2.750000      0.9282830    
   2.760000      0.8829390    
   2.770000      0.8330866    
   2.780000      0.7796075    
   2.790000      0.7233437    
   2.800000      0.6651888    
   2.810000      0.6060204    
   2.820000      0.5466637    
   2.830000      0.4879006    
   2.840000      0.4305152    
   2.850000      0.3752109    
   2.860000      0.3225876    
   2.870000      0.2731776    
   2.880000      0.2274500    
   2.890000      0.1857556    
   2.900000      0.1483689    
   2.910000      0.1154371    
   2.920000      8.7020449E-02
   2.930000      6.3080296E-02
   2.940000      4.3475069E-02
   2.950000      2.7992651E-02
   2.960000      1.6334470E-02
   2.970000      8.1528667E-03
   2.980000      3.0499322E-03
   2.990000      6.0214236E-04
   3.000000      3.6486780E-04
   3.010000      1.8938493E-03
   3.020000      4.7572264E-03
   3.030000      8.5406099E-03
   3.040000      1.2864685E-02
   3.050000      1.7382717E-02
   3.060000      2.1796169E-02
   3.070000      2.5851436E-02
   3.080000      2.9346369E-02
   3.090000      3.2128353E-02
   3.100000      3.4097403E-02
   3.110000      3.5200465E-02
   3.120000      3.5431713E-02
   3.130000      3.4824468E-02
   3.140000      3.3449966E-02
   3.150000      3.1407572E-02
   3.160000      2.8820625E-02
   3.170000      2.5826013E-02
   3.180000      2.2567987E-02
   3.190000      1.9196751E-02
   3.200000      1.5854256E-02
   3.210000      1.2671173E-02
   3.220000      9.7633228E-03
   3.230000      7.2283274E-03
   3.240000      5.1411814E-03
   3.250000      3.5543030E-03
   3.260000      2.4964660E-03
   3.270000      1.9737766E-03
   3.280000      1.9706427E-03
   3.290000      2.4518126E-03
   3.300000      3.3647583E-03
   3.310000      4.6442910E-03
   3.320000      6.2131602E-03
   3.330000      7.9874974E-03
   3.340000      9.8788012E-03
   3.350000      1.1800986E-02
   3.360000      1.3668424E-02
   3.370000      1.5404366E-02
   3.380000      1.6938968E-02
   3.390000      1.8215440E-02
   3.400000      1.9188527E-02
   3.410000      1.9827532E-02
   3.420000      2.0116245E-02
   3.430000      2.0052915E-02
   3.440000      1.9648895E-02
   3.450000      1.8927535E-02
   3.460000      1.7922036E-02
   3.470000      1.6675357E-02
   3.480000      1.5235801E-02
   3.490000      1.3656036E-02
   3.500000      1.1990055E-02
   3.510000      1.0291617E-02
   3.520000      8.6124884E-03
   3.530000      6.9997385E-03
   3.540000      5.4964116E-03
   3.550000      4.1379225E-03
   3.560000      2.9524509E-03
   3.570000      1.9605428E-03
   3.580000      1.1741387E-03
   3.590000      5.9758913E-04
   3.600000      2.2736221E-04
   3.610000      5.2934920E-05
   3.620000      5.7553763E-05
   3.630000      2.1938756E-04
   3.640000      5.1286694E-04
   3.650000      9.0955012E-04
   3.660000      1.3800960E-03
   3.670000      1.8946336E-03
   3.680000      2.4246615E-03
   3.690000      2.9435896E-03
   3.700000      3.4281348E-03
   3.710000      3.8583900E-03
   3.720000      4.2188400E-03
   3.730000      4.4979034E-03
   3.740000      4.6887384E-03
   3.750000      4.7885114E-03
   3.760000      4.7984631E-03
   3.770000      4.7233594E-03
   3.780000      4.5708991E-03
   3.790000      4.3512085E-03
   3.800000      4.0761204E-03
   3.810000      3.7585560E-03
   3.820000      3.4121713E-03
   3.830000      3.0500526E-03
   3.840000      2.6849045E-03
   3.850000      2.3282110E-03
   3.860000      1.9898114E-03
   3.870000      1.6779130E-03
   3.880000      1.3986037E-03
   3.890000      1.1559422E-03
   3.900000      9.5201808E-04
   3.910000      7.8689784E-04
   3.920000      6.5902824E-04
   3.930000      5.6535489E-04
   3.940000      5.0178397E-04
   3.950000      4.6336703E-04
   3.960000      4.4473246E-04
   3.970000      4.4038097E-04
   3.980000      4.4499381E-04
   3.990000      4.5368599E-04
   4.000000      4.6220553E-04
   4.010000      4.6711208E-04
   4.020000      4.6584656E-04
   4.030000      4.5676803E-04
   4.040000      4.3914921E-04
   4.050000      4.1311744E-04
   4.060000      3.7955365E-04
   4.070000      3.3992375E-04
   4.080000      2.9615508E-04
   4.090000      2.5046035E-04
   4.100000      2.0514353E-04
   4.110000      1.6245230E-04
   4.120000      1.2441189E-04
   4.130000      9.2724164E-05
   4.140000      6.8647751E-05
   4.150000      5.2929143E-05
   4.160000      4.5819706E-05
   4.170000      4.7038506E-05
   4.180000      5.5832457E-05
   4.190000      7.1032016E-05
   4.200000      9.1158072E-05
   4.210000      1.1451420E-04
   4.220000      1.3930076E-04
   4.230000      1.6372498E-04
   4.240000      1.8611991E-04
   4.250000      2.0501571E-04
   4.260000      2.1924623E-04
   4.270000      2.2796751E-04
   4.280000      2.3072088E-04
   4.290000      2.2743482E-04
   4.300000      2.1840303E-04
   4.310000      2.0424882E-04
   4.320000      1.8586777E-04
   4.330000      1.6438001E-04
   4.340000      1.4099915E-04
   4.350000      1.1700585E-04
   4.360000      9.3623494E-05
   4.370000      7.1957940E-05
   4.380000      5.2915366E-05
   4.390000      3.7171958E-05
   4.400000      2.5118336E-05
   4.410000      1.6861866E-05
   4.420000      1.2232489E-05
   4.430000      1.0812282E-05
   4.440000      1.1982806E-05
   4.450000      1.4990033E-05
   4.460000      1.9011693E-05
   4.470000      2.3241844E-05
   4.480000      2.6964952E-05
   4.490000      2.9619132E-05
   4.500000      3.0867639E-05
   4.510000      3.0631531E-05
   4.520000      2.9122904E-05
   4.530000      2.6837839E-05
   4.540000      2.4542644E-05
   4.550000      2.3222014E-05
   4.560000      2.4017074E-05
   4.570000      2.8134154E-05
   4.580000      3.6746736E-05
   4.590000      5.0893130E-05
   4.600000      7.1348244E-05
   4.610000      9.8546174E-05
   4.620000      1.3245059E-04
   4.630000      1.7255201E-04
   4.640000      2.1775083E-04
   4.650000      2.6641230E-04
   4.660000      3.1636361E-04
   4.670000      3.6504987E-04
   4.680000      4.0953697E-04
   4.690000      4.4678929E-04
   4.700000      4.7378446E-04
   4.710000      4.8783564E-04
   4.720000      4.8678616E-04
   4.730000      4.6929592E-04
   4.740000      4.3508911E-04
   4.750000      3.8530023E-04
   4.760000      3.2265024E-04
   4.770000      2.5167441E-04
   4.780000      1.7883594E-04
   4.790000      1.1276363E-04
   4.800000      6.4079439E-05
   4.810000      4.5479919E-05
   4.820000      7.1587550E-05
   4.830000      1.5865533E-04
   4.840000      3.2426440E-04
   4.850000      5.8688544E-04
   4.860000      9.6543238E-04
   4.870000      1.4784473E-03
   4.880000      2.1440990E-03
   4.890000      2.9785375E-03
   4.900000      3.9963434E-03
   4.910000      5.2086893E-03
   4.920000      6.6241734E-03
   4.930000      8.2464432E-03
   4.940000      1.0075741E-02
   4.950000      1.2106163E-02
   4.960000      1.4329098E-02
   4.970000      1.6727695E-02
   4.980000      1.9282864E-02
   4.990000      2.1967575E-02
   5.000000      2.4752637E-02
   5.010000      2.7602255E-02
   5.020000      3.0478314E-02
   5.030000      3.3338882E-02
   5.040000      3.6139864E-02
   5.050000      3.8834382E-02
   5.060000      4.1377012E-02
   5.070000      4.3722946E-02
   5.080000      4.5827787E-02
   5.090000      4.7651961E-02
   5.100000      4.9157232E-02
   5.110000      5.0312120E-02
   5.120000      5.1092587E-02
   5.130000      5.1477972E-02
   5.140000      5.1457774E-02
   5.150000      5.1028989E-02
   5.160000      5.0194774E-02
   5.170000      4.8967514E-02
   5.180000      4.7368381E-02
   5.190000      4.5425437E-02
   5.200000      4.3172501E-02
   5.210000      4.0648572E-02
   5.220000      3.7898872E-02
   5.230000      3.4972344E-02
   5.240000      3.1921145E-02
   5.250000      2.8796297E-02
   5.260000      2.5650548E-02
   5.270000      2.2535423E-02
   5.280000      1.9500813E-02
   5.290000      1.6589995E-02
   5.300000      1.3846642E-02
   5.310000      1.1304526E-02
   5.320000      8.9951968E-03
   5.330000      6.9405981E-03
   5.340000      5.1575946E-03
   5.350000      3.6554923E-03
   5.360000      2.4364039E-03
   5.370000      1.4949895E-03
   5.380000      8.1985665E-04
   5.390000      3.9334860E-04
   5.400000      1.9288086E-04
   5.410000      1.9116656E-04
   5.420000      3.5774495E-04
   5.430000      6.5966853E-04
   5.440000      1.0632061E-03
   5.450000      1.5340957E-03
   5.460000      2.0392614E-03
   5.470000      2.5476760E-03
   5.480000      3.0309048E-03
   5.490000      3.4642005E-03
   5.500000      3.8271006E-03
   5.510000      4.1036215E-03
   5.520000      4.2827814E-03
   5.530000      4.3586348E-03
   5.540000      4.3301652E-03
   5.550000      4.2011109E-03
   5.560000      3.9795255E-03
   5.570000      3.6772471E-03
   5.580000      3.3092496E-03
   5.590000      2.8934404E-03
   5.600000      2.4486992E-03
   5.610000      1.9953479E-03
   5.620000      1.5535572E-03
   5.630000      1.1427790E-03
   5.640000      7.8056485E-04
   5.650000      4.8277670E-04
   5.660000      2.6196809E-04
   5.670000      1.2765154E-04
   5.680000      8.5587541E-05
   5.690000      1.3778407E-04
   5.700000      2.8228361E-04
   5.710000      5.1349361E-04
   5.720000      8.2226604E-04
   5.730000      1.1964979E-03
   5.740000      1.6213233E-03
   5.750000      2.0800438E-03
   5.760000      2.5543335E-03
   5.770000      3.0257516E-03
   5.780000      3.4754279E-03
   5.790000      3.8856554E-03
   5.800000      4.2400272E-03
   5.810000      4.5241271E-03
   5.820000      4.7264495E-03
   5.830000      4.8384122E-03
   5.840000      4.8549692E-03
   5.850000      4.7749020E-03
   5.860000      4.6005961E-03
   5.870000      4.3381057E-03
   5.880000      3.9973329E-03
   5.890000      3.5912790E-03
   5.900000      3.1358446E-03
   5.910000      2.6489925E-03
   5.920000      2.1507603E-03
   5.930000      1.6615506E-03
   5.940000      1.2028299E-03
   5.950000      7.9480902E-04
   5.960000      4.5719216E-04
   5.970000      2.0747675E-04
   5.980000      6.0866496E-05
   5.990000      2.9531218E-05
   6.000000      1.2233671E-04
   6.010000      3.4447815E-04
   6.020000      6.9725356E-04
   6.030000      1.1779330E-03
   6.040000      1.7800722E-03
   6.050000      2.4933228E-03
   6.060000      3.3043213E-03
   6.070000      4.1961428E-03
   6.080000      5.1499400E-03
   6.090000      6.1447942E-03
   6.100000      7.1583255E-03
   6.110000      8.1671318E-03
   6.120000      9.1487430E-03
   6.130000      1.0080989E-02
   6.140000      1.0943146E-02
   6.150000      1.1716046E-02
   6.160000      1.2383352E-02
   6.170000      1.2931649E-02
   6.180000      1.3351002E-02
   6.190000      1.3634521E-02
   6.200000      1.3779138E-02
   6.210000      1.3785041E-02
   6.220000      1.3656055E-02
   6.230000      1.3399437E-02
   6.240000      1.3024849E-02
   6.250000      1.2544352E-02
   6.260000      1.1972162E-02
   6.270000      1.1323910E-02
   6.280000      1.0615622E-02
   6.290000      9.8648006E-03
   6.300000      9.0874545E-03
   6.310000      8.2999766E-03
   6.320000      7.5172819E-03
   6.330000      6.7528859E-03
   6.340000      6.0183592E-03
   6.350000      5.3235688E-03
   6.360000      4.6762065E-03
   6.370000      4.0817307E-03
   6.380000      3.5433653E-03
   6.390000      3.0621362E-03
   6.400000      2.6375528E-03
   6.410000      2.2671383E-03
   6.420000      1.9472030E-03
   6.430000      1.6728784E-03
   6.440000      1.4386629E-03
   6.450000      1.2387487E-03
   6.460000      1.0672724E-03
   6.470000      9.1864687E-04
   6.480000      7.8789413E-04
   6.490000      6.7076698E-04
   6.500000      5.6402443E-04
   6.510000      4.6545482E-04
   6.520000      3.7398055E-04
   6.530000      2.8953134E-04
   6.540000      2.1306914E-04
   6.550000      1.4630685E-04
   6.560000      9.1650894E-05
   6.570000      5.1817078E-05
   6.580000      2.9722518E-05
   6.590000      2.8124909E-05
   6.600000      4.9383169E-05
   6.610000      9.5219773E-05
   6.620000      1.6649313E-04
   6.630000      2.6307238E-04
   6.640000      3.8364320E-04
   6.650000      5.2573887E-04
   6.660000      6.8566942E-04
   6.670000      8.5867970E-04
   6.680000      1.0390631E-03
   6.690000      1.2203506E-03
   6.700000      1.3956549E-03
   6.710000      1.5578829E-03
   6.720000      1.7001736E-03
   6.730000      1.8160967E-03
   6.740000      1.9001890E-03
   6.750000      1.9481665E-03
   6.760000      1.9572584E-03
   6.770000      1.9263587E-03
   6.780000      1.8563344E-03
   6.790000      1.7500801E-03
   6.800000      1.6124580E-03
   6.810000      1.4503893E-03
   6.820000      1.2724734E-03
   6.830000      1.0889705E-03
   6.840000      9.1119879E-04
   6.850000      7.5137033E-04
   6.860000      6.2187109E-04
   6.870000      5.3496973E-04
   6.880000      5.0200510E-04
   6.890000      5.3301308E-04
   6.900000      6.3610449E-04
   6.910000      8.1692630E-04
   6.920000      1.0784563E-03
   6.930000      1.4201747E-03
   6.940000      1.8383788E-03
   6.950000      2.3258000E-03
   6.960000      2.8716971E-03
   6.970000      3.4617821E-03
   6.980000      4.0790467E-03
   6.990000      4.7040875E-03
   7.000000      5.3153699E-03
   7.010000      5.8902884E-03
   7.020000      6.4060590E-03
   7.030000      6.8404791E-03
   7.040000      7.1727484E-03
   7.050000      7.3849177E-03
   7.060000      7.4624103E-03
   7.070000      7.3950072E-03
   7.080000      7.1780863E-03
   7.090000      6.8124635E-03
   7.100000      6.3059544E-03
   7.110000      5.6732940E-03
   7.120000      4.9365056E-03
   7.130000      4.1243411E-03
   7.140000      3.2729078E-03
   7.150000      2.4241630E-03
   7.160000      1.6262892E-03
   7.170000      9.3141443E-04
   7.180000      3.9555371E-04
   7.190000      7.6466094E-05
   7.200000      3.2549029E-05
   7.210000      3.2079418E-04
   7.220000      9.9544390E-04
   7.230000      2.1061965E-03
   7.240000      3.6962335E-03
   7.250000      5.8024446E-03
   7.260000      8.4498487E-03
   7.270000      1.1655625E-02
   7.280000      1.5423587E-02
   7.290000      1.9746955E-02
   7.300000      2.4604678E-02
   7.310000      2.9963728E-02
   7.320000      3.5778444E-02
   7.330000      4.1989151E-02
   7.340000      4.8527319E-02
   7.350000      5.5311769E-02
   7.360000      6.2254872E-02
   7.370000      6.9256134E-02
   7.380000      7.6217480E-02
   7.390000      8.3030008E-02
   7.400000      8.9590386E-02
   7.410000      9.5792994E-02
   7.420000      0.1015356    
   7.430000      0.1067214    
   7.440000      0.1112635    
   7.450000      0.1150837    
   7.460000      0.1181209    
   7.470000      0.1203214    
   7.480000      0.1216478    
   7.490000      0.1220801    
   7.500000      0.1216142    
   7.510000      0.1202606    
   7.520000      0.1180433    
   7.530000      0.1150073    
   7.540000      0.1112063    
   7.550000      0.1067073    
   7.560000      0.1015882    
   7.570000      9.5935874E-02
   7.580000      8.9844264E-02
   7.590000      8.3414942E-02
   7.600000      7.6745026E-02
   7.610000      6.9938406E-02
   7.620000      6.3094191E-02
   7.630000      5.6309987E-02
   7.640000      4.9676854E-02
   7.650000      4.3277673E-02
   7.660000      3.7188482E-02
   7.670000      3.1472761E-02
   7.680000      2.6185295E-02
   7.690000      2.1366425E-02
   7.700000      1.7048676E-02
   7.710000      1.3247034E-02
   7.720000      9.9697104E-03
   7.730000      7.2098314E-03
   7.740000      4.9517858E-03
   7.750000      3.1708980E-03
   7.760000      1.8338170E-03
   7.770000      9.0073200E-04
   7.780000      3.2665156E-04
   7.790000      6.2581450E-05
   7.800000      5.7859597E-05
   7.810000      2.6124221E-04
   7.820000      6.2204199E-04
   7.830000      1.0918896E-03
   7.840000      1.6256403E-03
   7.850000      2.1824013E-03
   7.860000      2.7260657E-03
   7.870000      3.2265482E-03
   7.880000      3.6590984E-03
   7.890000      4.0056747E-03
   7.900000      4.2537465E-03
   7.910000      4.3966467E-03
   7.920000      4.4333800E-03
   7.930000      4.3679252E-03
   7.940000      4.2082942E-03
   7.950000      3.9660227E-03
   7.960000      3.6554502E-03
   7.970000      3.2930139E-03
   7.980000      2.8959846E-03
   7.990000      2.4820345E-03
   8.000000      2.0682598E-03
   8.010000      1.6709066E-03
   8.020000      1.3042227E-03
   8.030000      9.8042854E-04
   8.040000      7.0925010E-04
   8.050000      4.9784547E-04
   8.060000      3.5028171E-04
   8.070000      2.6805972E-04
   8.080000      2.4993464E-04
   8.090000      2.9222338E-04
   8.100000      3.8911856E-04
   8.110000      5.3294841E-04
   8.120000      7.1470119E-04
   8.130000      9.2434109E-04
   8.140000      1.1514162E-03
   8.150000      1.3852320E-03
   8.160000      1.6155363E-03
   8.170000      1.8327144E-03
   8.180000      2.0281705E-03
   8.190000      2.1945983E-03
   8.200000      2.3262168E-03
   8.210000      2.4188056E-03
   8.220000      2.4699578E-03
   8.230000      2.4787821E-03
   8.240000      2.4460887E-03
   8.250000      2.3741382E-03
   8.260000      2.2665181E-03
   8.270000      2.1278625E-03
   8.280000      1.9636860E-03
   8.290000      1.7800644E-03
   8.300000      1.5833402E-03
   8.310000      1.3799291E-03
   8.320000      1.1761053E-03
   8.330000      9.7758544E-04
   8.340000      7.8968139E-04
   8.350000      6.1671803E-04
   8.360000      4.6236761E-04
   8.370000      3.2920318E-04
   8.380000      2.1890715E-04
   8.390000      1.3222136E-04
   8.400000      6.8983049E-05
   8.410000      2.8145392E-05
   8.420000      7.9901101E-06
   8.430000      6.1928490E-06
   8.440000      1.9956913E-05
   8.450000      4.6194578E-05
   8.460000      8.1653423E-05
   8.470000      1.2307955E-04
   8.480000      1.6732595E-04
   8.490000      2.1150483E-04
   8.500000      2.5302911E-04
   8.510000      2.8977217E-04
   8.520000      3.2004050E-04
   8.530000      3.4263273E-04
   8.540000      3.5686078E-04
   8.550000      3.6250288E-04
   8.560000      3.5975612E-04
   8.570000      3.4923005E-04
   8.580000      3.3183384E-04
   8.590000      3.0872074E-04
   8.600000      2.8121291E-04
   8.610000      2.5071084E-04
   8.620000      2.1862194E-04
   8.630000      1.8630552E-04
   8.640000      1.5499105E-04
   8.650000      1.2574795E-04
   8.660000      9.9426419E-05
   8.670000      7.6674805E-05
   8.680000      5.7877733E-05
   8.690000      4.3211596E-05
   8.700000      3.2613745E-05
   8.710000      2.5841196E-05
   8.720000      2.2489810E-05
   8.730000      2.2025273E-05
   8.740000      2.3833756E-05
   8.750000      2.7258950E-05
   8.760000      3.1648509E-05
   8.770000      3.6379399E-05
   8.780000      4.0899107E-05
   8.790000      4.4745550E-05
   8.800000      4.7565281E-05
   8.810000      4.9122395E-05
   8.820000      4.9300794E-05
   8.830000      4.8099737E-05
   8.840000      4.5619447E-05
   8.850000      4.2045027E-05
   8.860000      3.7623955E-05
   8.870000      3.2650711E-05
   8.880000      2.7435713E-05
   8.890000      2.2285079E-05
   8.900000      1.7476019E-05
   8.910000      1.3249799E-05
   8.920000      9.7870015E-06
   8.930000      7.2053126E-06
   8.940000      5.5545629E-06
   8.950000      4.8162919E-06
   8.960000      4.9102000E-06
   8.970000      5.7068701E-06
   8.980000      7.0345541E-06
   8.990000      8.7004419E-06
   9.000000      1.0501996E-05
   9.010000      1.2245218E-05
   9.020000      1.3756317E-05
   9.030000      1.4897049E-05
   9.040000      1.5572028E-05
   9.050000      1.5733451E-05
   9.060000      1.5385038E-05
   9.070000      1.4577458E-05
   9.080000      1.3401778E-05
   9.090000      1.1981642E-05
   9.100000      1.0463491E-05
   9.110000      8.9965588E-06
   9.120000      7.7276009E-06
   9.130000      6.7803626E-06
   9.140000      6.2498439E-06
   9.150000      6.1893079E-06
   9.160000      6.6079383E-06
   9.170000      7.4665636E-06
   9.180000      8.6836299E-06
   9.190000      1.0140423E-05
   9.200000      1.1692250E-05
   9.210000      1.3185224E-05
   9.220000      1.4472795E-05
   9.230000      1.5434161E-05
   9.240000      1.5994483E-05
   9.250000      1.6144049E-05
   9.260000      1.5949025E-05
   9.270000      1.5568025E-05
   9.280000      1.5251931E-05
   9.290000      1.5344920E-05
   9.300000      1.6277934E-05
   9.310000      1.8544961E-05
   9.320000      2.2688404E-05
   9.330000      2.9259785E-05
   9.340000      3.8792386E-05
   9.350000      5.1750983E-05
   9.360000      6.8497051E-05
   9.370000      8.9232759E-05
   9.380000      1.1399035E-04
   9.390000      1.4255485E-04
   9.400000      1.7448777E-04
   9.410000      2.0906432E-04
   9.420000      2.4531232E-04
   9.430000      2.8198195E-04
   9.440000      3.1763079E-04
   9.450000      3.5063372E-04
   9.460000      3.7927928E-04
   9.470000      4.0180332E-04
   9.480000      4.1656129E-04
   9.490000      4.2208951E-04
   9.500000      4.1725265E-04
   9.510000      4.0135070E-04
   9.520000      3.7426464E-04
   9.530000      3.3659811E-04
   9.540000      2.8972115E-04
   9.550000      2.3592749E-04
   9.560000      1.7847793E-04
   9.570000      1.2166087E-04
   9.580000      7.0787275E-05
   9.590000      3.2163480E-05
   9.600000      1.3025754E-05
   9.610000      2.1452686E-05
   9.620000      6.6197150E-05
   9.630000      1.5652478E-04
   9.640000      3.0191170E-04
   9.650000      5.1204354E-04
   9.660000      7.9604279E-04
   9.670000      1.1628666E-03
   9.680000      1.6202377E-03
   9.690000      2.1748652E-03
   9.700000      2.8317564E-03
   9.710000      3.5946909E-03
   9.720000      4.4643991E-03
   9.730000      5.4402999E-03
   9.740000      6.5186406E-03
   9.750000      7.6935608E-03
   9.760000      8.9562489E-03
   9.770000      1.0295518E-02
   9.780000      1.1697352E-02
   9.790000      1.3145449E-02
   9.800000      1.4621612E-02
   9.810000      1.6106317E-02
   9.820000      1.7577644E-02
   9.830000      1.9014124E-02
   9.840000      2.0392057E-02
   9.850000      2.1688461E-02
   9.860000      2.2881290E-02
   9.870000      2.3950089E-02
   9.880000      2.4874482E-02
   9.890000      2.5637029E-02
   9.900000      2.6222130E-02
   9.910000      2.6617421E-02
   9.920000      2.6814591E-02
   9.930000      2.6808137E-02
   9.940000      2.6595592E-02
   9.950000      2.6179470E-02
   9.960000      2.5565103E-02
   9.970000      2.4762552E-02
   9.980000      2.3784779E-02
   9.990000      2.2647886E-02
   10.00000      2.1371054E-02
   10.01000      1.9982239E-02
   10.02000      1.8492652E-02
   10.03000      1.6937379E-02
   10.04000      1.5337925E-02
   10.05000      1.3724141E-02
   10.06000      1.2122767E-02
   10.07000      1.0552130E-02
   10.08000      9.0426188E-03
   10.09000      7.6109841E-03
   10.10000      6.2778476E-03
   10.11000      5.0575510E-03
   10.12000      3.9618802E-03
   10.13000      2.9997581E-03
   10.14000      2.1782413E-03
   10.15000      1.4962355E-03
   10.16000      9.5489010E-04
   10.17000      5.4778962E-04
   10.18000      2.6779261E-04
   10.19000      1.0478087E-04
   10.20000      4.5585977E-05
   10.21000      7.6313168E-05
   10.22000      1.8116148E-04
   10.23000      3.4408545E-04
   10.24000      5.4830645E-04
   10.25000      7.7788410E-04
   10.26000      1.0176060E-03
   10.27000      1.2525584E-03
   10.28000      1.4709248E-03
   10.29000      1.6615004E-03
   10.30000      1.8157562E-03
   10.31000      1.9272817E-03
   10.32000      1.9917591E-03
   10.33000      2.0078456E-03
   10.34000      1.9759706E-03
   10.35000      1.8991827E-03
   10.36000      1.7816933E-03
   10.37000      1.6303125E-03
   10.38000      1.4518441E-03
   10.39000      1.2552869E-03
   10.40000      1.0492598E-03
   10.41000      8.4268185E-04
   10.42000      6.4484641E-04
   10.43000      4.6380342E-04
   10.44000      3.0703863E-04
   10.45000      1.8121173E-04
   10.46000      9.0787653E-05
   10.47000      3.9727765E-05
   10.48000      2.9334273E-05
   10.49000      6.0025792E-05
   10.50000      1.2983005E-04
   10.51000      2.3611321E-04
   10.52000      3.7380637E-04
   10.53000      5.3748500E-04
   10.54000      7.2008662E-04
   10.55000      9.1451098E-04
   10.56000      1.1131818E-03
   10.57000      1.3078346E-03
   10.58000      1.4904133E-03
   10.59000      1.6542851E-03
   10.60000      1.7922083E-03
   10.61000      1.8994928E-03
   10.62000      1.9717359E-03
   10.63000      2.0062542E-03
   10.64000      2.0016464E-03
   10.65000      1.9580286E-03
   10.66000      1.8772053E-03
   10.67000      1.7619486E-03
   10.68000      1.6170716E-03
   10.69000      1.4478397E-03
   10.70000      1.2608101E-03
   10.71000      1.0636841E-03
   10.72000      8.6348783E-04
   10.73000      6.6889689E-04
   10.74000      4.8716279E-04
   10.75000      3.2610886E-04
   10.76000      1.9235568E-04
   10.77000      9.1931339E-05
   10.78000      2.9613133E-05
   10.79000      9.3133158E-06
   10.80000      3.3269131E-05
   10.81000      1.0247110E-04
   10.82000      2.1640191E-04
   10.83000      3.7345730E-04
   10.84000      5.6973461E-04
   10.85000      8.0149784E-04
   10.86000      1.0622588E-03
   10.87000      1.3457675E-03
   10.88000      1.6458371E-03
   10.89000      1.9535280E-03
   10.90000      2.2621318E-03
   10.91000      2.5635918E-03
   10.92000      2.8503251E-03
   10.93000      3.1162971E-03
   10.94000      3.3541031E-03
   10.95000      3.5593000E-03
   10.96000      3.7273292E-03
   10.97000      3.8546089E-03
   10.98000      3.9394898E-03
   10.99000      3.9808154E-03
   11.00000      3.9789667E-03
   11.01000      3.9353110E-03
   11.02000      3.8525152E-03
   11.03000      3.7334056E-03
   11.04000      3.5828149E-03
   11.05000      3.4050262E-03
   11.06000      3.2051867E-03
   11.07000      2.9890619E-03
   11.08000      2.7614424E-03
   11.09000      2.5277862E-03
   11.10000      2.2936708E-03
   11.11000      2.0629126E-03
   11.12000      1.8404548E-03
   11.13000      1.6293032E-03
   11.14000      1.4322457E-03
   11.15000      1.2518443E-03
   11.16000      1.0884496E-03
   11.17000      9.4349211E-04
   11.18000      8.1628381E-04
   11.19000      7.0649420E-04
   11.20000      6.1273179E-04
   11.21000      5.3358520E-04
   11.22000      4.6709782E-04
   11.23000      4.1150596E-04
   11.24000      3.6455554E-04
   11.25000      3.2443419E-04
   11.26000      2.8925523E-04
   11.27000      2.5740458E-04
   11.28000      2.2771962E-04
   11.29000      1.9912346E-04
   11.30000      1.7116978E-04
   11.31000      1.4358194E-04
   11.32000      1.1653565E-04
   11.33000      9.0538022E-05
   11.34000      6.6331653E-05
   11.35000      4.4705434E-05
   11.36000      2.6809641E-05
   11.37000      1.3649008E-05
   11.38000      6.3151488E-06
   11.39000      5.5951446E-06
   11.40000      1.2214688E-05
   11.41000      2.6531985E-05
   11.42000      4.8612910E-05
   11.43000      7.8229692E-05
   11.44000      1.1463480E-04
   11.45000      1.5701308E-04
   11.46000      2.0384847E-04
   11.47000      2.5367786E-04
   11.48000      3.0467173E-04
   11.49000      3.5472622E-04
   11.50000      4.0200140E-04
   11.51000      4.4427154E-04
   11.52000      4.7981329E-04
   11.53000      5.0696055E-04
   11.54000      5.2437116E-04
   11.55000      5.3116598E-04
   11.56000      5.2690541E-04
   11.57000      5.1167089E-04
   11.58000      4.8605390E-04
   11.59000      4.5123117E-04
   11.60000      4.0882462E-04
   11.61000      3.6095909E-04
   11.62000      3.1029026E-04
   11.63000      2.5945852E-04
   11.64000      2.1175468E-04
   11.65000      1.7018193E-04
   11.66000      1.3788854E-04
   11.67000      1.1776534E-04
   11.68000      1.1228375E-04
   11.69000      1.2361773E-04
   11.70000      1.5323941E-04
   11.71000      2.0200617E-04
   11.72000      2.7002106E-04
   11.73000      3.5656622E-04
   11.74000      4.6030284E-04
   11.75000      5.7850179E-04
   11.76000      7.0857047E-04
   11.77000      8.4631226E-04
   11.78000      9.8749087E-04
   11.79000      1.1274298E-03
   11.80000      1.2606003E-03
   11.81000      1.3823514E-03
   11.82000      1.4872705E-03
   11.83000      1.5708338E-03
   11.84000      1.6288508E-03
   11.85000      1.6579600E-03
   11.86000      1.6557920E-03
   11.87000      1.6209213E-03
   11.88000      1.5535073E-03
   11.89000      1.4545999E-03
   11.90000      1.3271002E-03
   11.91000      1.1752717E-03
   11.92000      1.0044142E-03
   11.93000      8.2227483E-04
   11.94000      6.3633779E-04
   11.95000      4.5664320E-04
   11.96000      2.9296172E-04
   11.97000      1.5594455E-04
   11.98000      5.7063251E-05
   11.99000      7.0702645E-06
   12.00000      1.7028986E-05
   12.01000      9.7020515E-05
   12.02000      2.5671456E-04
   12.03000      5.0401100E-04
   12.04000      8.4525585E-04
   12.05000      1.2862290E-03
   12.06000      1.8277644E-03
   12.07000      2.4727429E-03
   12.08000      3.2171416E-03
   12.09000      4.0567983E-03
   12.10000      4.9869092E-03
   12.11000      5.9951362E-03
   12.12000      7.0751742E-03
   12.13000      8.2093580E-03
   12.14000      9.3855634E-03
   12.15000      1.0585710E-02
   12.16000      1.1794468E-02
   12.17000      1.2994526E-02
   12.18000      1.4166581E-02
   12.19000      1.5289183E-02
   12.20000      1.6348278E-02
   12.21000      1.7321913E-02
   12.22000      1.8198550E-02
   12.23000      1.8962678E-02
   12.24000      1.9602528E-02
   12.25000      2.0106535E-02
   12.26000      2.0468201E-02
   12.27000      2.0680068E-02
   12.28000      2.0741330E-02
   12.29000      2.0650594E-02
   12.30000      2.0410044E-02
   12.31000      2.0024434E-02
   12.32000      1.9503176E-02
   12.33000      1.8853255E-02
   12.34000      1.8089749E-02
   12.35000      1.7223623E-02
   12.36000      1.6271243E-02
   12.37000      1.5247974E-02
   12.38000      1.4171137E-02
   12.39000      1.3054852E-02
   12.40000      1.1920820E-02
   12.41000      1.0779139E-02
   12.42000      9.6514374E-03
   12.43000      8.5482756E-03
   12.44000      7.4835769E-03
   12.45000      6.4719557E-03
   12.46000      5.5192821E-03
   12.47000      4.6383799E-03
   12.48000      3.8331191E-03
   12.49000      3.1062108E-03
   12.50000      2.4629331E-03
   12.51000      1.9020461E-03
   12.52000      1.4233184E-03
   12.53000      1.0243923E-03
   12.54000      7.0016854E-04
   12.55000      4.4730396E-04
   12.56000      2.5852252E-04
   12.57000      1.2770772E-04
   12.58000      4.7511028E-05
   12.59000      1.0335765E-05
   12.60000      8.7424169E-06
   12.61000      3.5047386E-05
   12.62000      8.2305101E-05
   12.63000      1.4357839E-04
   12.64000      2.1305800E-04
   12.65000      2.8514021E-04
   12.66000      3.5529720E-04
   12.67000      4.1981504E-04
   12.68000      4.7565444E-04
   12.69000      5.2072265E-04
   12.70000      5.5367203E-04
   12.71000      5.7385332E-04
   12.72000      5.8133953E-04
   12.73000      5.7668024E-04
   12.74000      5.6099729E-04
   12.75000      5.3569447E-04
   12.76000      5.0260616E-04
   12.77000      4.6341144E-04
   12.78000      4.2023833E-04
   12.79000      3.7487483E-04
   12.80000      3.2922736E-04
   12.81000      2.8489312E-04
   12.82000      2.4338337E-04
   12.83000      2.0579051E-04
   12.84000      1.7320203E-04
   12.85000      1.4611981E-04
   12.86000      1.2499791E-04
   12.87000      1.0987720E-04
   12.88000      1.0057598E-04
   12.89000      9.6733223E-05
   12.90000      9.7731900E-05
   12.91000      1.0287191E-04
   12.92000      1.1131411E-04
   12.93000      1.2219997E-04
   12.94000      1.3462067E-04
   12.95000      1.4771371E-04
   12.96000      1.6068209E-04
   12.97000      1.7274694E-04
   12.98000      1.8335313E-04
   12.99000      1.9193585E-04
   13.00000      1.9813252E-04
   13.01000      2.0169362E-04
   13.02000      2.0250521E-04
   13.03000      2.0058190E-04
   13.04000      1.9603643E-04
   13.05000      1.8908795E-04
   13.06000      1.7998536E-04
   13.07000      1.6911034E-04
   13.08000      1.5680691E-04
   13.09000      1.4347729E-04
   13.10000      1.2955030E-04
   13.11000      1.1534865E-04
   13.12000      1.0129833E-04
   13.13000      8.7664004E-05
   13.14000      7.4734067E-05
   13.15000      6.2727064E-05
   13.16000      5.1781190E-05
   13.17000      4.2020783E-05
   13.18000      3.3490105E-05
   13.19000      2.6189142E-05
   13.20000      2.0099793E-05
   13.21000      1.5151119E-05
   13.22000      1.1258780E-05
   13.23000      8.3263785E-06
   13.24000      6.2340036E-06
   13.25000      4.8771085E-06
   13.26000      4.1439503E-06
   13.27000      3.9337842E-06
   13.28000      4.1562248E-06
   13.29000      4.7364565E-06
   13.30000      5.6098384E-06
   13.31000      6.7278288E-06
   13.32000      8.0524305E-06
   13.33000      9.5536716E-06
   13.34000      1.1208700E-05
   13.35000      1.3001841E-05
   13.36000      1.4907363E-05
   13.37000      1.6911683E-05
   13.38000      1.8985114E-05
   13.39000      2.1097627E-05
   13.40000      2.3217741E-05
   13.41000      2.5293974E-05
   13.42000      2.7287428E-05
   13.43000      2.9140549E-05
   13.44000      3.0803505E-05
   13.45000      3.2225351E-05
   13.46000      3.3355063E-05
   13.47000      3.4150202E-05
   13.48000      3.4577388E-05
   13.49000      3.4612043E-05
   13.50000      3.4242486E-05
   13.51000      3.3472817E-05
   13.52000      3.2317093E-05
   13.53000      3.0802003E-05
   13.54000      2.8976267E-05
   13.55000      2.6883859E-05
   13.56000      2.4595654E-05
   13.57000      2.2173572E-05
   13.58000      1.9681644E-05
   13.59000      1.7196679E-05
   13.60000      1.4775207E-05
   13.61000      1.2480315E-05
   13.62000      1.0359508E-05
   13.63000      8.4474095E-06
   13.64000      6.7746050E-06
   13.65000      5.3510994E-06
   13.66000      4.1767998E-06
   13.67000      3.2422215E-06
   13.68000      2.5224197E-06
   13.69000      1.9908709E-06
   13.70000      1.6096795E-06
   13.71000      1.3425265E-06
   13.72000      1.1528772E-06
   13.73000      1.0085224E-06
   13.74000      8.8215842E-07
   13.75000      7.5588036E-07
   13.76000      6.2132096E-07
   13.77000      4.8067096E-07
   13.78000      3.4551942E-07
   13.79000      2.3854051E-07
   13.80000      1.8994527E-07
   13.81000      2.3458344E-07
   13.82000      4.1104377E-07
   13.83000      7.5654077E-07
   13.84000      1.3050233E-06
   13.85000      2.0814468E-06
   13.86000      3.0999652E-06
   13.87000      4.3657451E-06
   13.88000      5.8584033E-06
   13.89000      7.5548769E-06
   13.90000      9.4023935E-06
   13.91000      1.1338544E-05
   13.92000      1.3292676E-05
   13.93000      1.5171079E-05
   13.94000      1.6891352E-05
   13.95000      1.8358589E-05
   13.96000      1.9493831E-05
   13.97000      2.0221963E-05
   13.98000      2.0493108E-05
   13.99000      2.0278154E-05
   14.00000      1.9573547E-05
   14.01000      1.8414770E-05
   14.02000      1.6862521E-05
   14.03000      1.5024619E-05
   14.04000      1.3031510E-05
   14.05000      1.1048495E-05
   14.06000      9.2737682E-06
   14.07000      7.9075025E-06
   14.08000      7.1770787E-06
   14.09000      7.2904154E-06
   14.10000      8.4590556E-06
   14.11000      1.0856600E-05
   14.12000      1.4629592E-05
   14.13000      1.9877829E-05
   14.14000      2.6623617E-05
   14.15000      3.4869809E-05
   14.16000      4.4480512E-05
   14.17000      5.5299453E-05
   14.18000      6.7077766E-05
   14.19000      7.9463884E-05
   14.20000      9.2108647E-05
   14.21000      1.0453684E-04
   14.22000      1.1627888E-04
   14.23000      1.2685539E-04
   14.24000      1.3574529E-04
   14.25000      1.4251091E-04
   14.26000      1.4672287E-04
   14.27000      1.4804563E-04
   14.28000      1.4623963E-04
   14.29000      1.4118216E-04
   14.30000      1.3290293E-04
   14.31000      1.2158744E-04
   14.32000      1.0761347E-04
   14.33000      9.1487105E-05
   14.34000      7.3969852E-05
   14.35000      5.5976667E-05
   14.36000      3.8545022E-05
   14.37000      2.2967992E-05
   14.38000      1.0502049E-05
   14.39000      2.6460368E-06
   14.40000      8.5877747E-07
   14.41000      6.6463876E-06
   14.42000      2.1502346E-05
   14.43000      4.6773013E-05
   14.44000      8.3850951E-05
   14.45000      1.3364950E-04
   14.46000      1.9719113E-04
   14.47000      2.7500346E-04
   14.48000      3.6726517E-04
   14.49000      4.7431671E-04
   14.50000      5.9518224E-04
   14.51000      7.2967808E-04
   14.52000      8.7630481E-04
   14.53000      1.0338010E-03
   14.54000      1.2005344E-03
   14.55000      1.3742619E-03
   14.56000      1.5525930E-03
   14.57000      1.7334374E-03
   14.58000      1.9132565E-03
   14.59000      2.0901971E-03
   14.60000      2.2606098E-03
   14.61000      2.4217335E-03
   14.62000      2.5711204E-03
   14.63000      2.7053650E-03
   14.64000      2.8226769E-03
   14.65000      2.9211354E-03
   14.66000      2.9984883E-03
   14.67000      3.0536542E-03
   14.68000      3.0853611E-03
   14.69000      3.0931924E-03
   14.70000      3.0769156E-03
   14.71000      3.0369705E-03
   14.72000      2.9739006E-03
   14.73000      2.8893442E-03
   14.74000      2.7846636E-03
   14.75000      2.6619621E-03
   14.76000      2.5235231E-03
   14.77000      2.3716674E-03
   14.78000      2.2093276E-03
   14.79000      2.0392663E-03
   14.80000      1.8639727E-03
   14.81000      1.6865908E-03
   14.82000      1.5096122E-03
   14.83000      1.3355418E-03
   14.84000      1.1671454E-03
   14.85000      1.0059824E-03
   14.86000      8.5437373E-04
   14.87000      7.1371847E-04
   14.88000      5.8511813E-04
   14.89000      4.6972116E-04
   14.90000      3.6780184E-04
   14.91000      2.7958528E-04
   14.92000      2.0494201E-04
   14.93000      1.4344804E-04
   14.94000      9.4491035E-05
   14.95000      5.7151930E-05
   14.96000      3.0352317E-05
   14.97000      1.2968030E-05
   14.98000      3.6222614E-06
   14.99000      1.0282901E-06
   15.00000      3.7847067E-06
   15.01000      1.0616190E-05
   15.02000      2.0215208E-05
   15.03000      3.1470576E-05
   15.04000      4.3326665E-05
   15.05000      5.4902393E-05
   15.06000      6.5480548E-05
   15.07000      7.4474090E-05
   15.08000      8.1478960E-05
   15.09000      8.6255081E-05
   15.10000      8.8672990E-05
   15.11000      8.8769746E-05
   15.12000      8.6675478E-05
   15.13000      8.2635139E-05
   15.14000      7.6931159E-05
   15.15000      6.9955990E-05
   15.16000      6.2070103E-05
   15.17000      5.3695123E-05
   15.18000      4.5207304E-05
   15.19000      3.6954836E-05
   15.20000      2.9276385E-05
   15.21000      2.2428540E-05
   15.22000      1.6620481E-05
   15.23000      1.2008179E-05
   15.24000      8.6603141E-06
   15.25000      6.6108605E-06
   15.26000      5.8143555E-06
   15.27000      6.1816768E-06
   15.28000      7.5758808E-06
   15.29000      9.8327600E-06
   15.30000      1.2755214E-05
   15.31000      1.6138456E-05
   15.32000      1.9780970E-05
   15.33000      2.3473631E-05
   15.34000      2.7042899E-05
   15.35000      3.0317442E-05
   15.36000      3.3162338E-05
   15.37000      3.5472938E-05
   15.38000      3.7177433E-05
   15.39000      3.8228020E-05
   15.40000      3.8619899E-05
   15.41000      3.8368613E-05
   15.42000      3.7519418E-05
   15.43000      3.6139507E-05
   15.44000      3.4313693E-05
   15.45000      3.2136370E-05
   15.46000      2.9692959E-05
   15.47000      2.7086799E-05
   15.48000      2.4404893E-05
   15.49000      2.1744039E-05
   15.50000      1.9166162E-05
   15.51000      1.6741829E-05
   15.52000      1.4515393E-05
   15.53000      1.2516689E-05
   15.54000      1.0773712E-05
   15.55000      9.2857454E-06
   15.56000      8.0555201E-06
   15.57000      7.0704432E-06
   15.58000      6.3151442E-06
   15.59000      5.7724997E-06
   15.60000      5.4251295E-06
   15.61000      5.2574860E-06
   15.62000      5.2597184E-06
   15.63000      5.4265292E-06
   15.64000      5.7596867E-06
   15.65000      6.2650201E-06
   15.66000      6.9578696E-06
   15.67000      7.8527555E-06
   15.68000      8.9735076E-06
   15.69000      1.0337827E-05
   15.70000      1.1967240E-05
   15.71000      1.3877982E-05
   15.72000      1.6078053E-05
   15.73000      1.8575731E-05
   15.74000      2.1362886E-05
   15.75000      2.4416557E-05
   15.76000      2.7716242E-05
   15.77000      3.1211057E-05
   15.78000      3.4853190E-05
   15.79000      3.8578859E-05
   15.80000      4.2308769E-05
   15.81000      4.5974655E-05
   15.82000      4.9485443E-05
   15.83000      5.2757565E-05
   15.84000      5.5714288E-05
   15.85000      5.8273923E-05
   15.86000      6.0369090E-05
   15.87000      6.1940504E-05
   15.88000      6.2944724E-05
   15.89000      6.3344458E-05
   15.90000      6.3126347E-05
   15.91000      6.2293722E-05
   15.92000      6.0864502E-05
   15.93000      5.8860180E-05
   15.94000      5.6333018E-05
   15.95000      5.3351050E-05
   15.96000      4.9983402E-05
   15.97000      4.6304125E-05
   15.98000      4.2412608E-05
   15.99000      3.8372906E-05
   16.00000      3.4294018E-05
