  -16.00000      2.0111840E-04
  -15.99000      1.6306492E-04
  -15.98000      1.3026371E-04
  -15.97000      1.0270061E-04
  -15.96000      8.0077931E-05
  -15.95000      6.2215397E-05
  -15.94000      4.8692033E-05
  -15.93000      3.9133349E-05
  -15.92000      3.3065666E-05
  -15.91000      2.9979376E-05
  -15.90000      2.9380531E-05
  -15.89000      3.0756131E-05
  -15.88000      3.3619817E-05
  -15.87000      3.7501275E-05
  -15.86000      4.1984516E-05
  -15.85000      4.6682711E-05
  -15.84000      5.1257946E-05
  -15.83000      5.5447348E-05
  -15.82000      5.9022746E-05
  -15.81000      6.1820923E-05
  -15.80000      6.3734318E-05
  -15.79000      6.4700718E-05
  -15.78000      6.4710162E-05
  -15.77000      6.3790343E-05
  -15.76000      6.2007115E-05
  -15.75000      5.9448608E-05
  -15.74000      5.6235334E-05
  -15.73000      5.2482050E-05
  -15.72000      4.8332247E-05
  -15.71000      4.3918906E-05
  -15.70000      3.9365314E-05
  -15.69000      3.4794004E-05
  -15.68000      3.0314968E-05
  -15.67000      2.6015958E-05
  -15.66000      2.1987144E-05
  -15.65000      1.8273218E-05
  -15.64000      1.4932815E-05
  -15.63000      1.1983586E-05
  -15.62000      9.4334373E-06
  -15.61000      7.2892058E-06
  -15.60000      5.5230139E-06
  -15.59000      4.1221838E-06
  -15.58000      3.0469791E-06
  -15.57000      2.2638196E-06
  -15.56000      1.7322441E-06
  -15.55000      1.4126917E-06
  -15.54000      1.2642814E-06
  -15.53000      1.2493866E-06
  -15.52000      1.3319520E-06
  -15.51000      1.4803823E-06
  -15.50000      1.6668853E-06
  -15.49000      1.8674134E-06
  -15.48000      2.0625937E-06
  -15.47000      2.2365996E-06
  -15.46000      2.3770024E-06
  -15.45000      2.4756530E-06
  -15.44000      2.5276888E-06
  -15.43000      2.5309578E-06
  -15.42000      2.4843514E-06
  -15.41000      2.3905250E-06
  -15.40000      2.2527754E-06
  -15.39000      2.0769314E-06
  -15.38000      1.8698119E-06
  -15.37000      1.6396295E-06
  -15.36000      1.3966143E-06
  -15.35000      1.1511138E-06
  -15.34000      9.1578084E-07
  -15.33000      7.0226997E-07
  -15.32000      5.2440436E-07
  -15.31000      3.9475219E-07
  -15.30000      3.2707717E-07
  -15.29000      3.3496329E-07
  -15.28000      4.3025634E-07
  -15.27000      6.2425568E-07
  -15.26000      9.2675492E-07
  -15.25000      1.3453248E-06
  -15.24000      1.8858731E-06
  -15.23000      2.5532645E-06
  -15.22000      3.3467754E-06
  -15.21000      4.2685620E-06
  -15.20000      5.3153008E-06
  -15.19000      6.4845699E-06
  -15.18000      7.7743261E-06
  -15.17000      9.1787251E-06
  -15.16000      1.0696058E-05
  -15.15000      1.2328189E-05
  -15.14000      1.4069165E-05
  -15.13000      1.5929527E-05
  -15.12000      1.7903863E-05
  -15.11000      2.0005824E-05
  -15.10000      2.2247601E-05
  -15.09000      2.4630468E-05
  -15.08000      2.7179081E-05
  -15.07000      2.9894385E-05
  -15.06000      3.2793359E-05
  -15.05000      3.5886711E-05
  -15.04000      3.9173246E-05
  -15.03000      4.2650456E-05
  -15.02000      4.6317633E-05
  -15.01000      5.0140006E-05
  -15.00000      5.4106597E-05
  -14.99000      5.8156395E-05
  -14.98000      6.2242070E-05
  -14.97000      6.6302338E-05
  -14.96000      7.0247952E-05
  -14.95000      7.4007577E-05
  -14.94000      7.7473749E-05
  -14.93000      8.0549784E-05
  -14.92000      8.3138431E-05
  -14.91000      8.5140877E-05
  -14.90000      8.6458196E-05
  -14.89000      8.7014661E-05
  -14.88000      8.6736429E-05
  -14.87000      8.5575331E-05
  -14.86000      8.3506478E-05
  -14.85000      8.0526428E-05
  -14.84000      7.6664815E-05
  -14.83000      7.1990595E-05
  -14.82000      6.6583721E-05
  -14.81000      6.0578572E-05
  -14.80000      5.4121738E-05
  -14.79000      4.7388676E-05
  -14.78000      4.0584837E-05
  -14.77000      3.3913697E-05
  -14.76000      2.7599850E-05
  -14.75000      2.1874001E-05
  -14.74000      1.6940114E-05
  -14.73000      1.3010557E-05
  -14.72000      1.0257378E-05
  -14.71000      8.8242004E-06
  -14.70000      8.8172374E-06
  -14.69000      1.0287643E-05
  -14.68000      1.3244509E-05
  -14.67000      1.7626251E-05
  -14.66000      2.3347222E-05
  -14.65000      3.0219069E-05
  -14.64000      3.8059974E-05
  -14.63000      4.6589568E-05
  -14.62000      5.5524204E-05
  -14.61000      6.4593987E-05
  -14.60000      7.3407682E-05
  -14.59000      8.1644845E-05
  -14.58000      8.8982059E-05
  -14.57000      9.5078190E-05
  -14.56000      9.9698038E-05
  -14.55000      1.0260094E-04
  -14.54000      1.0363197E-04
  -14.53000      1.0269903E-04
  -14.52000      9.9780482E-05
  -14.51000      9.4944931E-05
  -14.50000      8.8321416E-05
  -14.49000      8.0165380E-05
  -14.48000      7.0733266E-05
  -14.47000      6.0436880E-05
  -14.46000      4.9677175E-05
  -14.45000      3.8912494E-05
  -14.44000      2.8659153E-05
  -14.43000      1.9364019E-05
  -14.42000      1.1544091E-05
  -14.41000      5.6045874E-06
  -14.40000      1.9380859E-06
  -14.39000      8.4539670E-07
  -14.38000      2.5399445E-06
  -14.37000      7.1499840E-06
  -14.36000      1.4650087E-05
  -14.35000      2.4964032E-05
  -14.34000      3.7825219E-05
  -14.33000      5.2895015E-05
  -14.32000      6.9723290E-05
  -14.31000      8.7706088E-05
  -14.30000      1.0626003E-04
  -14.29000      1.2468539E-04
  -14.28000      1.4225824E-04
  -14.27000      1.5827394E-04
  -14.26000      1.7203143E-04
  -14.25000      1.8291135E-04
  -14.24000      1.9038080E-04
  -14.23000      1.9398051E-04
  -14.22000      1.9344948E-04
  -14.21000      1.8865020E-04
  -14.20000      1.7965130E-04
  -14.19000      1.6668039E-04
  -14.18000      1.5022514E-04
  -14.17000      1.3088660E-04
  -14.16000      1.0951911E-04
  -14.15000      8.7141583E-05
  -14.14000      6.4830005E-05
  -14.13000      4.3943761E-05
  -14.12000      2.5743981E-05
  -14.11000      1.1649468E-05
  -14.10000      3.0567107E-06
  -14.09000      1.2863936E-06
  -14.08000      7.6417646E-06
  -14.07000      2.3213497E-05
  -14.06000      4.9078102E-05
  -14.05000      8.5866151E-05
  -14.04000      1.3423827E-04
  -14.03000      1.9435366E-04
  -14.02000      2.6608584E-04
  -14.01000      3.4941116E-04
  -14.00000      4.4320893E-04
  -13.99000      5.4707128E-04
  -13.98000      6.5930514E-04
  -13.97000      7.7875622E-04
  -13.96000      9.0364902E-04
  -13.95000      1.0321353E-03
  -13.94000      1.1620141E-03
  -13.93000      1.2914870E-03
  -13.92000      1.4178230E-03
  -13.91000      1.5394256E-03
  -13.90000      1.6537546E-03
  -13.89000      1.7588759E-03
  -13.88000      1.8531566E-03
  -13.87000      1.9346566E-03
  -13.86000      2.0023270E-03
  -13.85000      2.0549267E-03
  -13.84000      2.0917335E-03
  -13.83000      2.1122838E-03
  -13.82000      2.1165016E-03
  -13.81000      2.1044090E-03
  -13.80000      2.0764712E-03
  -13.79000      2.0335303E-03
  -13.78000      1.9764460E-03
  -13.77000      1.9066496E-03
  -13.76000      1.8255623E-03
  -13.75000      1.7348251E-03
  -13.74000      1.6359937E-03
  -13.73000      1.5309774E-03
  -13.72000      1.4213700E-03
  -13.71000      1.3093824E-03
  -13.70000      1.1961670E-03
  -13.69000      1.0837401E-03
  -13.68000      9.7348442E-04
  -13.67000      8.6665014E-04
  -13.66000      7.6478836E-04
  -13.65000      6.6844973E-04
  -13.64000      5.7873031E-04
  -13.63000      4.9609481E-04
  -13.62000      4.2086389E-04
  -13.61000      3.5336209E-04
  -13.60000      2.9348681E-04
  -13.59000      2.4101119E-04
  -13.58000      1.9580379E-04
  -13.57000      1.5724193E-04
  -13.56000      1.2503100E-04
  -13.55000      9.8492812E-05
  -13.54000      7.7027049E-05
  -13.53000      6.0075279E-05
  -13.52000      4.6944839E-05
  -13.51000      3.7078069E-05
  -13.50000      2.9873681E-05
  -13.49000      2.4804021E-05
  -13.48000      2.1393766E-05
  -13.47000      1.9218583E-05
  -13.46000      1.7931174E-05
  -13.45000      1.7234326E-05
  -13.44000      1.6898399E-05
  -13.43000      1.6743819E-05
  -13.42000      1.6639136E-05
  -13.41000      1.6503922E-05
  -13.40000      1.6281398E-05
  -13.39000      1.5949232E-05
  -13.38000      1.5510910E-05
  -13.37000      1.4970193E-05
  -13.36000      1.4355390E-05
  -13.35000      1.3688832E-05
  -13.34000      1.2993497E-05
  -13.33000      1.2295537E-05
  -13.32000      1.1609667E-05
  -13.31000      1.0950815E-05
  -13.30000      1.0326797E-05
  -13.29000      9.7439306E-06
  -13.28000      9.2039518E-06
  -13.27000      8.7111785E-06
  -13.26000      8.2656798E-06
  -13.25000      7.8737721E-06
  -13.24000      7.5414368E-06
  -13.23000      7.2772827E-06
  -13.22000      7.0943674E-06
  -13.21000      7.0036945E-06
  -13.20000      7.0208957E-06
  -13.19000      7.1592463E-06
  -13.18000      7.4308150E-06
  -13.17000      7.8415787E-06
  -13.16000      8.3949772E-06
  -13.15000      9.0860631E-06
  -13.14000      9.9002891E-06
  -13.13000      1.0818712E-05
  -13.12000      1.1808980E-05
  -13.11000      1.2834597E-05
  -13.10000      1.3853019E-05
  -13.09000      1.4811568E-05
  -13.08000      1.5665632E-05
  -13.07000      1.6360049E-05
  -13.06000      1.6854159E-05
  -13.05000      1.7106709E-05
  -13.04000      1.7089045E-05
  -13.03000      1.6788063E-05
  -13.02000      1.6199016E-05
  -13.01000      1.5340398E-05
  -13.00000      1.4233782E-05
  -12.99000      1.2930910E-05
  -12.98000      1.1487827E-05
  -12.97000      9.9724593E-06
  -12.96000      8.4696203E-06
  -12.95000      7.0515598E-06
  -12.94000      5.8129699E-06
  -12.93000      4.8233892E-06
  -12.92000      4.1575777E-06
  -12.91000      3.8739950E-06
  -12.90000      4.0129153E-06
  -12.89000      4.6074692E-06
  -12.88000      5.6600120E-06
  -12.87000      7.1721720E-06
  -12.86000      9.1191268E-06
  -12.85000      1.1472038E-05
  -12.84000      1.4200913E-05
  -12.83000      1.7262775E-05
  -12.82000      2.0654190E-05
  -12.81000      2.4347439E-05
  -12.80000      2.8380622E-05
  -12.79000      3.2796506E-05
  -12.78000      3.7693713E-05
  -12.77000      4.3213622E-05
  -12.76000      4.9546241E-05
  -12.75000      5.6912213E-05
  -12.74000      6.5627697E-05
  -12.73000      7.5983124E-05
  -12.72000      8.8360182E-05
  -12.71000      1.0312981E-04
  -12.70000      1.2063090E-04
  -12.69000      1.4125460E-04
  -12.68000      1.6533343E-04
  -12.67000      1.9310147E-04
  -12.66000      2.2478829E-04
  -12.65000      2.6045641E-04
  -12.64000      3.0005944E-04
  -12.63000      3.4353600E-04
  -12.62000      3.9038470E-04
  -12.61000      4.4031860E-04
  -12.60000      4.9257587E-04
  -12.59000      5.4635428E-04
  -12.58000      6.0082535E-04
  -12.57000      6.5467769E-04
  -12.56000      7.0690393E-04
  -12.55000      7.5615558E-04
  -12.54000      8.0108037E-04
  -12.53000      8.4054301E-04
  -12.52000      8.7304716E-04
  -12.51000      8.9759479E-04
  -12.50000      9.1314071E-04
  -12.49000      9.1884466E-04
  -12.48000      9.1411168E-04
  -12.47000      8.9860236E-04
  -12.46000      8.7231066E-04
  -12.45000      8.3548215E-04
  -12.44000      7.8889367E-04
  -12.43000      7.3337881E-04
  -12.42000      6.7041785E-04
  -12.41000      6.0169806E-04
  -12.40000      5.2886450E-04
  -12.39000      4.5445099E-04
  -12.38000      3.8030455E-04
  -12.37000      3.0917348E-04
  -12.36000      2.4319436E-04
  -12.35000      1.8473696E-04
  -12.34000      1.3592061E-04
  -12.33000      9.8679287E-05
  -12.32000      7.4543066E-05
  -12.31000      6.4765198E-05
  -12.30000      7.0006376E-05
  -12.29000      9.0559966E-05
  -12.28000      1.2600554E-04
  -12.27000      1.7563786E-04
  -12.26000      2.3781930E-04
  -12.25000      3.1094626E-04
  -12.24000      3.9244723E-04
  -12.23000      4.7969387E-04
  -12.22000      5.6963519E-04
  -12.21000      6.5909792E-04
  -12.20000      7.4456446E-04
  -12.19000      8.2317722E-04
  -12.18000      8.9139101E-04
  -12.17000      9.4657572E-04
  -12.16000      9.8612835E-04
  -12.15000      1.0081816E-03
  -12.14000      1.0114616E-03
  -12.13000      9.9540537E-04
  -12.12000      9.6017646E-04
  -12.11000      9.0659148E-04
  -12.10000      8.3659549E-04
  -12.09000      7.5239455E-04
  -12.08000      6.5732386E-04
  -12.07000      5.5506040E-04
  -12.06000      4.4966699E-04
  -12.05000      3.4612155E-04
  -12.04000      2.4871188E-04
  -12.03000      1.6254206E-04
  -12.02000      9.1918213E-05
  -12.01000      4.1006238E-05
  -12.00000      1.3455548E-05
  -11.99000      1.1964476E-05
  -11.98000      3.8578091E-05
  -11.97000      9.4112009E-05
  -11.96000      1.7862527E-04
  -11.95000      2.9063848E-04
  -11.94000      4.2767267E-04
  -11.93000      5.8653782E-04
  -11.92000      7.6188950E-04
  -11.91000      9.4886409E-04
  -11.90000      1.1403792E-03
  -11.89000      1.3297091E-03
  -11.88000      1.5097102E-03
  -11.87000      1.6726411E-03
  -11.86000      1.8121882E-03
  -11.85000      1.9212223E-03
  -11.84000      1.9944420E-03
  -11.83000      2.0273940E-03
  -11.82000      2.0169034E-03
  -11.81000      1.9617495E-03
  -11.80000      1.8622776E-03
  -11.79000      1.7214539E-03
  -11.78000      1.5434106E-03
  -11.77000      1.3354932E-03
  -11.76000      1.1066155E-03
  -11.75000      8.6740975E-04
  -11.74000      6.3151924E-04
  -11.73000      4.1226458E-04
  -11.72000      2.2610118E-04
  -11.71000      8.9102206E-05
  -11.70000      1.8246537E-05
  -11.69000      3.0527164E-05
  -11.68000      1.4222322E-04
  -11.67000      3.6943835E-04
  -11.66000      7.2496303E-04
  -11.65000      1.2220115E-03
  -11.64000      1.8702269E-03
  -11.63000      2.6750267E-03
  -11.62000      3.6423006E-03
  -11.61000      4.7676614E-03
  -11.60000      6.0508219E-03
  -11.59000      7.4827084E-03
  -11.58000      9.0504820E-03
  -11.57000      1.0741857E-02
  -11.56000      1.2535269E-02
  -11.55000      1.4410654E-02
  -11.54000      1.6345792E-02
  -11.53000      1.8308189E-02
  -11.52000      2.0274416E-02
  -11.51000      2.2212198E-02
  -11.50000      2.4088770E-02
  -11.49000      2.5879983E-02
  -11.48000      2.7547056E-02
  -11.47000      2.9068988E-02
  -11.46000      3.0416051E-02
  -11.45000      3.1564489E-02
  -11.44000      3.2497998E-02
  -11.43000      3.3195738E-02
  -11.42000      3.3648383E-02
  -11.41000      3.3846535E-02
  -11.40000      3.3787001E-02
  -11.39000      3.3470530E-02
  -11.38000      3.2902308E-02
  -11.37000      3.2093436E-02
  -11.36000      3.1056320E-02
  -11.35000      2.9812852E-02
  -11.34000      2.8381402E-02
  -11.33000      2.6795546E-02
  -11.32000      2.5073741E-02
  -11.31000      2.3246638E-02
  -11.30000      2.1345627E-02
  -11.29000      1.9401465E-02
  -11.28000      1.7441023E-02
  -11.27000      1.5499765E-02
  -11.26000      1.3597125E-02
  -11.25000      1.1766342E-02
  -11.24000      1.0027148E-02
  -11.23000      8.3982619E-03
  -11.22000      6.9003566E-03
  -11.21000      5.5407099E-03
  -11.20000      4.3334095E-03
  -11.19000      3.2809302E-03
  -11.18000      2.3861704E-03
  -11.17000      1.6462754E-03
  -11.16000      1.0576089E-03
  -11.15000      6.1112741E-04
  -11.14000      2.9843155E-04
  -11.13000      1.0555435E-04
  -11.12000      1.9637891E-05
  -11.11000      2.4980343E-05
  -11.10000      1.0600667E-04
  -11.09000      2.4599314E-04
  -11.08000      4.2936392E-04
  -11.07000      6.4029329E-04
  -11.06000      8.6430938E-04
  -11.05000      1.0889118E-03
  -11.04000      1.3022270E-03
  -11.03000      1.4945630E-03
  -11.02000      1.6585942E-03
  -11.01000      1.7876896E-03
  -11.00000      1.8787199E-03
  -10.99000      1.9293184E-03
  -10.98000      1.9395184E-03
  -10.97000      1.9107192E-03
  -10.96000      1.8459253E-03
  -10.95000      1.7490733E-03
  -10.94000      1.6253194E-03
  -10.93000      1.4805010E-03
  -10.92000      1.3201575E-03
  -10.91000      1.1511614E-03
  -10.90000      9.7908417E-04
  -10.89000      8.0977584E-04
  -10.88000      6.4866047E-04
  -10.87000      4.9973512E-04
  -10.86000      3.6743912E-04
  -10.85000      2.5415581E-04
  -10.84000      1.6175896E-04
  -10.83000      9.1594069E-05
  -10.82000      4.3486078E-05
  -10.81000      1.6858170E-05
  -10.80000      1.0070914E-05
  -10.79000      2.1052538E-05
  -10.78000      4.7023928E-05
  -10.77000      8.5172418E-05
  -10.76000      1.3211141E-04
  -10.75000      1.8469033E-04
  -10.74000      2.3966561E-04
  -10.73000      2.9409525E-04
  -10.72000      3.4514809E-04
  -10.71000      3.9063441E-04
  -10.70000      4.2850454E-04
  -10.69000      4.5747432E-04
  -10.68000      4.7661865E-04
  -10.67000      4.8552567E-04
  -10.66000      4.8433864E-04
  -10.65000      4.7360911E-04
  -10.64000      4.5416201E-04
  -10.63000      4.2729787E-04
  -10.62000      3.9436787E-04
  -10.61000      3.5697332E-04
  -10.60000      3.1669505E-04
  -10.59000      2.7521609E-04
  -10.58000      2.3385853E-04
  -10.57000      1.9420894E-04
  -10.56000      1.5731699E-04
  -10.55000      1.2418070E-04
  -10.54000      9.5560106E-05
  -10.53000      7.1822476E-05
  -10.52000      5.3086853E-05
  -10.51000      3.9410250E-05
  -10.50000      3.0533287E-05
  -10.49000      2.6194151E-05
  -10.48000      2.5936364E-05
  -10.47000      2.9334027E-05
  -10.46000      3.5986075E-05
  -10.45000      4.5577570E-05
  -10.44000      5.7868092E-05
  -10.43000      7.2863171E-05
  -10.42000      9.0683716E-05
  -10.41000      1.1168342E-04
  -10.40000      1.3646676E-04
  -10.39000      1.6571858E-04
  -10.38000      2.0038283E-04
  -10.37000      2.4154563E-04
  -10.36000      2.9018964E-04
  -10.35000      3.4761976E-04
  -10.34000      4.1474975E-04
  -10.33000      4.9253879E-04
  -10.32000      5.8194570E-04
  -10.31000      6.8307633E-04
  -10.30000      7.9651800E-04
  -10.29000      9.2169252E-04
  -10.28000      1.0579970E-03
  -10.27000      1.2045390E-03
  -10.26000      1.3594843E-03
  -10.25000      1.5214349E-03
  -10.24000      1.6875912E-03
  -10.23000      1.8553957E-03
  -10.22000      2.0220312E-03
  -10.21000      2.1841917E-03
  -10.20000      2.3383624E-03
  -10.19000      2.4815479E-03
  -10.18000      2.6098895E-03
  -10.17000      2.7205849E-03
  -10.16000      2.8106291E-03
  -10.15000      2.8773209E-03
  -10.14000      2.9188551E-03
  -10.13000      2.9335788E-03
  -10.12000      2.9204057E-03
  -10.11000      2.8793714E-03
  -10.10000      2.8107010E-03
  -10.09000      2.7155289E-03
  -10.08000      2.5956207E-03
  -10.07000      2.4533309E-03
  -10.06000      2.2913252E-03
  -10.05000      2.1137472E-03
  -10.04000      1.9238368E-03
  -10.03000      1.7259528E-03
  -10.02000      1.5247463E-03
  -10.01000      1.3240721E-03
  -10.00000      1.1295624E-03
  -9.990000      9.4361452E-04
  -9.980000      7.7097153E-04
  -9.970000      6.1479746E-04
  -9.960000      4.7795128E-04
  -9.950000      3.6263230E-04
  -9.940000      2.7039615E-04
  -9.930000      2.0203412E-04
  -9.920000      1.5772312E-04
  -9.910000      1.3684916E-04
  -9.900000      1.3816378E-04
  -9.890000      1.5977476E-04
  -9.880000      1.9925827E-04
  -9.870000      2.5371736E-04
  -9.860000      3.1991419E-04
  -9.850000      3.9431726E-04
  -9.840000      4.7332398E-04
  -9.830000      5.5330328E-04
  -9.820000      6.3073303E-04
  -9.810000      7.0229196E-04
  -9.800000      7.6508150E-04
  -9.790000      8.1655994E-04
  -9.780000      8.5470988E-04
  -9.770000      8.7807357E-04
  -9.760000      8.8580069E-04
  -9.750000      8.7768392E-04
  -9.740000      8.5407257E-04
  -9.730000      8.1594451E-04
  -9.720000      7.6478138E-04
  -9.710000      7.0254470E-04
  -9.700000      6.3156092E-04
  -9.690000      5.5451394E-04
  -9.680000      4.7415448E-04
  -9.670000      3.9341071E-04
  -9.660000      3.1514521E-04
  -9.650000      2.4212229E-04
  -9.640000      1.7680028E-04
  -9.630000      1.2141171E-04
  -9.620000      7.7703720E-05
  -9.610000      4.7042395E-05
  -9.600000      3.0257950E-05
  -9.590000      2.7668688E-05
  -9.580000      3.9056675E-05
  -9.570000      6.3691019E-05
  -9.560000      1.0034806E-04
  -9.550000      1.4737266E-04
  -9.540000      2.0273385E-04
  -9.530000      2.6411630E-04
  -9.520000      3.2897969E-04
  -9.510000      3.9471898E-04
  -9.500000      4.5865175E-04
  -9.490000      5.1824853E-04
  -9.480000      5.7115225E-04
  -9.470000      6.1524811E-04
  -9.460000      6.4878433E-04
  -9.450000      6.7042949E-04
  -9.440000      6.7932520E-04
  -9.430000      6.7507679E-04
  -9.420000      6.5781502E-04
  -9.410000      6.2817481E-04
  -9.400000      5.8727997E-04
  -9.390000      5.3669658E-04
  -9.380000      4.7841042E-04
  -9.370000      4.1469626E-04
  -9.360000      3.4814238E-04
  -9.350000      2.8145406E-04
  -9.340000      2.1748783E-04
  -9.330000      1.5906681E-04
  -9.320000      1.0893770E-04
  -9.310000      6.9625254E-05
  -9.300000      4.3456119E-05
  -9.290000      3.2372740E-05
  -9.280000      3.7960512E-05
  -9.270000      6.1354011E-05
  -9.260000      1.0321627E-04
  -9.250000      1.6371737E-04
  -9.240000      2.4253408E-04
  -9.230000      3.3886338E-04
  -9.220000      4.5146761E-04
  -9.210000      5.7867588E-04
  -9.200000      7.1847992E-04
  -9.190000      8.6853479E-04
  -9.180000      1.0263291E-03
  -9.170000      1.1891123E-03
  -9.160000      1.3541731E-03
  -9.150000      1.5186322E-03
  -9.140000      1.6797879E-03
  -9.130000      1.8350186E-03
  -9.120000      1.9818409E-03
  -9.110000      2.1179889E-03
  -9.100000      2.2416005E-03
  -9.090000      2.3509825E-03
  -9.080000      2.4447895E-03
  -9.070000      2.5219750E-03
  -9.060000      2.5819098E-03
  -9.050000      2.6242798E-03
  -9.040000      2.6491166E-03
  -9.030000      2.6567054E-03
  -9.020000      2.6475708E-03
  -9.010000      2.6224966E-03
  -9.000000      2.5824641E-03
  -8.990000      2.5287555E-03
  -8.980000      2.4626113E-03
  -8.970000      2.3854165E-03
  -8.960000      2.2985071E-03
  -8.950000      2.2033593E-03
  -8.940000      2.1014486E-03
  -8.930000      1.9941521E-03
  -8.920000      1.8827593E-03
  -8.910000      1.7685633E-03
  -8.900000      1.6527744E-03
  -8.890000      1.5364945E-03
  -8.880000      1.4207446E-03
  -8.870000      1.3064796E-03
  -8.860000      1.1945897E-03
  -8.850000      1.0858527E-03
  -8.840000      9.8099688E-04
  -8.830000      8.8062236E-04
  -8.820000      7.8538805E-04
  -8.810000      6.9573498E-04
  -8.800000      6.1214744E-04
  -8.790000      5.3496117E-04
  -8.780000      4.6447944E-04
  -8.770000      4.0090707E-04
  -8.760000      3.4435489E-04
  -8.750000      2.9485204E-04
  -8.740000      2.5234645E-04
  -8.730000      2.1663081E-04
  -8.720000      1.8744425E-04
  -8.710000      1.6439389E-04
  -8.700000      1.4701056E-04
  -8.690000      1.3472473E-04
  -8.680000      1.2689500E-04
  -8.670000      1.2280655E-04
  -8.660000      1.2170788E-04
  -8.650000      1.2281875E-04
  -8.640000      1.2535318E-04
  -8.630000      1.2855206E-04
  -8.620000      1.3170439E-04
  -8.610000      1.3416464E-04
  -8.600000      1.3538040E-04
  -8.590000      1.3491468E-04
  -8.580000      1.3245954E-04
  -8.570000      1.2784815E-04
  -8.560000      1.2106040E-04
  -8.550000      1.1223013E-04
  -8.540000      1.0162807E-04
  -8.530000      8.9667032E-05
  -8.520000      7.6866629E-05
  -8.510000      6.3842679E-05
  -8.500000      5.1278279E-05
  -8.490000      3.9890667E-05
  -8.480000      3.0393827E-05
  -8.470000      2.3471535E-05
  -8.460000      1.9735327E-05
  -8.450000      1.9700590E-05
  -8.440000      2.3747485E-05
  -8.430000      3.2103839E-05
  -8.420000      4.4828037E-05
  -8.410000      6.1794060E-05
  -8.400000      8.2694911E-05
  -8.390000      1.0703396E-04
  -8.380000      1.3417119E-04
  -8.370000      1.6329928E-04
  -8.360000      1.9349814E-04
  -8.350000      2.2377392E-04
  -8.340000      2.5310789E-04
  -8.330000      2.8044160E-04
  -8.320000      3.0479385E-04
  -8.310000      3.2523973E-04
  -8.300000      3.4100644E-04
  -8.290000      3.5146790E-04
  -8.280000      3.5618781E-04
  -8.270000      3.5495075E-04
  -8.260000      3.4776086E-04
  -8.250000      3.3485075E-04
  -8.240000      3.1668236E-04
  -8.230000      2.9391475E-04
  -8.220000      2.6739057E-04
  -8.210000      2.3809030E-04
  -8.200000      2.0711985E-04
  -8.190000      1.7559742E-04
  -8.180000      1.4467254E-04
  -8.170000      1.1544467E-04
  -8.160000      8.8920024E-05
  -8.150000      6.5966196E-05
  -8.140000      4.7281937E-05
  -8.130000      3.3367553E-05
  -8.120000      2.4510306E-05
  -8.110000      2.0776450E-05
  -8.100000      2.2035871E-05
  -8.090000      2.7973218E-05
  -8.080000      3.8127811E-05
  -8.070000      5.1938052E-05
  -8.060000      6.8799811E-05
  -8.050000      8.8139313E-05
  -8.040000      1.0945326E-04
  -8.030000      1.3242067E-04
  -8.020000      1.5690817E-04
  -8.010000      1.8308542E-04
  -8.000000      2.1143403E-04
  -7.990000      2.4280185E-04
  -7.980000      2.7840325E-04
  -7.970000      3.1982543E-04
  -7.960000      3.6899894E-04
  -7.950000      4.2816249E-04
  -7.940000      4.9975701E-04
  -7.930000      5.8637757E-04
  -7.920000      6.9066760E-04
  -7.910000      8.1511540E-04
  -7.900000      9.6207636E-04
  -7.890000      1.1334382E-03
  -7.880000      1.3306601E-03
  -7.870000      1.5543996E-03
  -7.860000      1.8048679E-03
  -7.850000      2.0810347E-03
  -7.840000      2.3811872E-03
  -7.830000      2.7024709E-03
  -7.820000      3.0410630E-03
  -7.810000      3.3920908E-03
  -7.800000      3.7498667E-03
  -7.790000      4.1075568E-03
  -7.780000      4.4578747E-03
  -7.770000      4.7929878E-03
  -7.760000      5.1048649E-03
  -7.750000      5.3850943E-03
  -7.740000      5.6256927E-03
  -7.730000      5.8192452E-03
  -7.720000      5.9590042E-03
  -7.710000      6.0392432E-03
  -7.700000      6.0557183E-03
  -7.690000      6.0056597E-03
  -7.680000      5.8880700E-03
  -7.670000      5.7038013E-03
  -7.660000      5.4555177E-03
  -7.650000      5.1480974E-03
  -7.640000      4.7884057E-03
  -7.630000      4.3849251E-03
  -7.620000      3.9477269E-03
  -7.610000      3.4883153E-03
  -7.600000      3.0193033E-03
  -7.590000      2.5538350E-03
  -7.580000      2.1056395E-03
  -7.570000      1.6878835E-03
  -7.560000      1.3135584E-03
  -7.550000      9.9429663E-04
  -7.540000      7.4043090E-04
  -7.530000      5.6051847E-04
  -7.520000      4.6085622E-04
  -7.510000      4.4520345E-04
  -7.500000      5.1463710E-04
  -7.490000      6.6744740E-04
  -7.480000      8.9893915E-04
  -7.470000      1.2017307E-03
  -7.460000      1.5657124E-03
  -7.450000      1.9785163E-03
  -7.440000      2.4256534E-03
  -7.430000      2.8911736E-03
  -7.420000      3.3579916E-03
  -7.410000      3.8090590E-03
  -7.400000      4.2269835E-03
  -7.390000      4.5954804E-03
  -7.380000      4.8997398E-03
  -7.370000      5.1269154E-03
  -7.360000      5.2667628E-03
  -7.350000      5.3123259E-03
  -7.340000      5.2597872E-03
  -7.330000      5.1091420E-03
  -7.320000      4.8640058E-03
  -7.310000      4.5318971E-03
  -7.300000      4.1240240E-03
  -7.290000      3.6550264E-03
  -7.280000      3.1422831E-03
  -7.270000      2.6057768E-03
  -7.260000      2.0670553E-03
  -7.250000      1.5489722E-03
  -7.240000      1.0741015E-03
  -7.230000      6.6496129E-04
  -7.220000      3.4184608E-04
  -7.210000      1.2303746E-04
  -7.200000      2.3457676E-05
  -7.190000      5.4118897E-05
  -7.180000      2.2149681E-04
  -7.170000      5.2695721E-04
  -7.160000      9.6667686E-04
  -7.150000      1.5311930E-03
  -7.140000      2.2062173E-03
  -7.130000      2.9718489E-03
  -7.120000      3.8042937E-03
  -7.110000      4.6755793E-03
  -7.100000      5.5552735E-03
  -7.090000      6.4107701E-03
  -7.080000      7.2089243E-03
  -7.070000      7.9168463E-03
  -7.060000      8.5045518E-03
  -7.050000      8.9441864E-03
  -7.040000      9.2128040E-03
  -7.030000      9.2931380E-03
  -7.020000      9.1748238E-03
  -7.010000      8.8552739E-03
  -7.000000      8.3404994E-03
  -6.990000      7.6452657E-03
  -6.980000      6.7939931E-03
  -6.970000      5.8204341E-03
  -6.960000      4.7669034E-03
  -6.950000      3.6838949E-03
  -6.940000      2.6297825E-03
  -6.930000      1.6684530E-03
  -6.920000      8.6836057E-04
  -6.910000      3.0055348E-04
  -6.900000      3.7328577E-05
  -6.890000      1.4947912E-04
  -6.880000      7.0401473E-04
  -6.870000      1.7634768E-03
  -6.860000      3.3820302E-03
  -6.850000      5.6055118E-03
  -6.840000      8.4673353E-03
  -6.830000      1.1989347E-02
  -6.820000      1.6177960E-02
  -6.810000      2.1027192E-02
  -6.800000      2.6513370E-02
  -6.790000      3.2599188E-02
  -6.780000      3.9228674E-02
  -6.770000      4.6334166E-02
  -6.760000      5.3832933E-02
  -6.750000      6.1628569E-02
  -6.740000      6.9615006E-02
  -6.730000      7.7679150E-02
  -6.720000      8.5694216E-02
  -6.710000      9.3541101E-02
  -6.700000      0.1010888    
  -6.690000      0.1082157    
  -6.680000      0.1148000    
  -6.670000      0.1207267    
  -6.660000      0.1258940    
  -6.650000      0.1302145    
  -6.640000      0.1336110    
  -6.630000      0.1360263    
  -6.620000      0.1374199    
  -6.610000      0.1377654    
  -6.600000      0.1370616    
  -6.590000      0.1353264    
  -6.580000      0.1325915    
  -6.570000      0.1289100    
  -6.560000      0.1243466    
  -6.550000      0.1189857    
  -6.540000      0.1129190    
  -6.530000      0.1062550    
  -6.520000      9.9103615E-02
  -6.510000      9.1585942E-02
  -6.500000      8.3818719E-02
  -6.490000      7.5924776E-02
  -6.480000      6.8021573E-02
  -6.470000      6.0226407E-02
  -6.460000      5.2643560E-02
  -6.450000      4.5372769E-02
  -6.440000      3.8498852E-02
  -6.430000      3.2096796E-02
  -6.420000      2.6228620E-02
  -6.410000      2.0940511E-02
  -6.400000      1.6262053E-02
  -6.390000      1.2212616E-02
  -6.380000      8.7922355E-03
  -6.370000      5.9919734E-03
  -6.360000      3.7871813E-03
  -6.350000      2.1436559E-03
  -6.340000      1.0172201E-03
  -6.330000      3.5651421E-04
  -6.320000      1.0323611E-04
  -6.310000      1.9595983E-04
  -6.300000      5.7062786E-04
  -6.290000      1.1635029E-03
  -6.280000      1.9118187E-03
  -6.270000      2.7563672E-03
  -6.260000      3.6413677E-03
  -6.250000      4.5178649E-03
  -6.240000      5.3422009E-03
  -6.230000      6.0784086E-03
  -6.220000      6.6978601E-03
  -6.210000      7.1795536E-03
  -6.200000      7.5099184E-03
  -6.190000      7.6829293E-03
  -6.180000      7.6992596E-03
  -6.170000      7.5657750E-03
  -6.160000      7.2946590E-03
  -6.150000      6.9022523E-03
  -6.140000      6.4083445E-03
  -6.130000      5.8350475E-03
  -6.120000      5.2059582E-03
  -6.110000      4.5447149E-03
  -6.100000      3.8743289E-03
  -6.090000      3.2160021E-03
  -6.080000      2.5893946E-03
  -6.070000      2.0111850E-03
  -6.060000      1.4948272E-03
  -6.050000      1.0502883E-03
  -6.040000      6.8439881E-04
  -6.030000      4.0018660E-04
  -6.020000      1.9761850E-04
  -6.010000      7.3523879E-05
  -6.000000      2.2167338E-05
  -5.990000      3.5549467E-05
  -5.980000      1.0395894E-04
  -5.970000      2.1647368E-04
  -5.960000      3.6155601E-04
  -5.950000      5.2747392E-04
  -5.940000      7.0288870E-04
  -5.930000      8.7708485E-04
  -5.920000      1.0407260E-03
  -5.910000      1.1856285E-03
  -5.900000      1.3054999E-03
  -5.890000      1.3956670E-03
  -5.880000      1.4533534E-03
  -5.870000      1.4775266E-03
  -5.860000      1.4688023E-03
  -5.850000      1.4292569E-03
  -5.840000      1.3622473E-03
  -5.830000      1.2721242E-03
  -5.820000      1.1638514E-03
  -5.810000      1.0428263E-03
  -5.800000      9.1451855E-04
  -5.790000      7.8419712E-04
  -5.780000      6.5676152E-04
  -5.770000      5.3650100E-04
  -5.760000      4.2689158E-04
  -5.750000      3.3062196E-04
  -5.740000      2.4939363E-04
  -5.730000      1.8414200E-04
  -5.720000      1.3491308E-04
  -5.710000      1.0105504E-04
  -5.700000      8.1310194E-05
  -5.690000      7.4036347E-05
  -5.680000      7.7350880E-05
  -5.670000      8.9352798E-05
  -5.660000      1.0828107E-04
  -5.650000      1.3273518E-04
  -5.640000      1.6177371E-04
  -5.630000      1.9509059E-04
  -5.620000      2.3302011E-04
  -5.610000      2.7667370E-04
  -5.600000      3.2783984E-04
  -5.590000      3.8896216E-04
  -5.580000      4.6300355E-04
  -5.570000      5.5343442E-04
  -5.560000      6.6383515E-04
  -5.550000      7.9791254E-04
  -5.540000      9.5913938E-04
  -5.530000      1.1506837E-03
  -5.520000      1.3749319E-03
  -5.510000      1.6335789E-03
  -5.500000      1.9272020E-03
  -5.490000      2.2553690E-03
  -5.480000      2.6162490E-03
  -5.470000      3.0066657E-03
  -5.460000      3.4222640E-03
  -5.450000      3.8572373E-03
  -5.440000      4.3047066E-03
  -5.430000      4.7566481E-03
  -5.420000      5.2041975E-03
  -5.410000      5.6383456E-03
  -5.400000      6.0491539E-03
  -5.390000      6.4271074E-03
  -5.380000      6.7628031E-03
  -5.370000      7.0474879E-03
  -5.360000      7.2736936E-03
  -5.350000      7.4349674E-03
  -5.340000      7.5261556E-03
  -5.330000      7.5440481E-03
  -5.320000      7.4869231E-03
  -5.310000      7.3551498E-03
  -5.300000      7.1510426E-03
  -5.290000      6.8786899E-03
  -5.280000      6.5436098E-03
  -5.270000      6.1533549E-03
  -5.260000      5.7164347E-03
  -5.250000      5.2429009E-03
  -5.240000      4.7431942E-03
  -5.230000      4.2286334E-03
  -5.220000      3.7104674E-03
  -5.210000      3.2001317E-03
  -5.200000      2.7081566E-03
  -5.190000      2.2446830E-03
  -5.180000      1.8185184E-03
  -5.170000      1.4373965E-03
  -5.160000      1.1072590E-03
  -5.150000      8.3249580E-04
  -5.140000      6.1567890E-04
  -5.130000      4.5760884E-04
  -5.120000      3.5718226E-04
  -5.110000      3.1168948E-04
  -5.100000      3.1684179E-04
  -5.090000      3.6700311E-04
  -5.080000      4.5540615E-04
  -5.070000      5.7445420E-04
  -5.060000      7.1601616E-04
  -5.050000      8.7170693E-04
  -5.040000      1.0331988E-03
  -5.030000      1.1924810E-03
  -5.020000      1.3421339E-03
  -5.010000      1.4755895E-03
  -5.000000      1.5872496E-03
  -4.990000      1.6727380E-03
  -4.980000      1.7289033E-03
  -4.970000      1.7538959E-03
  -4.960000      1.7471958E-03
  -4.950000      1.7095911E-03
  -4.940000      1.6431129E-03
  -4.930000      1.5507373E-03
  -4.920000      1.4364385E-03
  -4.910000      1.3048403E-03
  -4.900000      1.1611597E-03
  -4.890000      1.0108008E-03
  -4.880000      8.5930055E-04
  -4.870000      7.1194244E-04
  -4.860000      5.7370402E-04
  -4.850000      4.4889716E-04
  -4.840000      3.4122591E-04
  -4.830000      2.5352405E-04
  -4.820000      1.8771953E-04
  -4.810000      1.4479547E-04
  -4.800000      1.2479561E-04
  -4.790000      1.2687652E-04
  -4.780000      1.4937815E-04
  -4.770000      1.8994653E-04
  -4.760000      2.4559631E-04
  -4.750000      3.1294566E-04
  -4.740000      3.8830476E-04
  -4.730000      4.6784899E-04
  -4.720000      5.4778508E-04
  -4.710000      6.2450930E-04
  -4.700000      6.9473468E-04
  -4.690000      7.5557618E-04
  -4.680000      8.0469501E-04
  -4.670000      8.4031146E-04
  -4.660000      8.6134643E-04
  -4.650000      8.6732983E-04
  -4.640000      8.5842644E-04
  -4.630000      8.3541905E-04
  -4.620000      7.9960626E-04
  -4.610000      7.5277220E-04
  -4.600000      6.9704332E-04
  -4.590000      6.3483545E-04
  -4.580000      5.6867313E-04
  -4.570000      5.0119055E-04
  -4.560000      4.3493364E-04
  -4.550000      3.7238537E-04
  -4.540000      3.1582572E-04
  -4.530000      2.6733699E-04
  -4.520000      2.2873227E-04
  -4.510000      2.0161184E-04
  -4.500000      1.8731176E-04
  -4.490000      1.8698668E-04
  -4.480000      2.0160138E-04
  -4.470000      2.3202176E-04
  -4.460000      2.7904235E-04
  -4.450000      3.4343242E-04
  -4.440000      4.2596259E-04
  -4.430000      5.2755629E-04
  -4.420000      6.4919057E-04
  -4.410000      7.9194369E-04
  -4.400000      9.5693354E-04
  -4.390000      1.1455078E-03
  -4.380000      1.3589120E-03
  -4.370000      1.5984328E-03
  -4.360000      1.8651593E-03
  -4.350000      2.1600109E-03
  -4.340000      2.4834420E-03
  -4.330000      2.8356786E-03
  -4.320000      3.2159879E-03
  -4.310000      3.6234236E-03
  -4.300000      4.0558763E-03
  -4.290000      4.5105973E-03
  -4.280000      4.9837464E-03
  -4.270000      5.4705865E-03
  -4.260000      5.9653269E-03
  -4.250000      6.4618420E-03
  -4.240000      6.9525270E-03
  -4.230000      7.4296980E-03
  -4.220000      7.8846142E-03
  -4.210000      8.3085177E-03
  -4.200000      8.6926064E-03
  -4.190000      9.0282671E-03
  -4.180000      9.3074106E-03
  -4.170000      9.5223915E-03
  -4.160000      9.6667390E-03
  -4.150000      9.7354027E-03
  -4.140000      9.7243618E-03
  -4.130000      9.6319234E-03
  -4.120000      9.4578918E-03
  -4.110000      9.2041697E-03
  -4.100000      8.8740969E-03
  -4.090000      8.4735332E-03
  -4.080000      8.0099702E-03
  -4.070000      7.4925143E-03
  -4.060000      6.9315857E-03
  -4.050000      6.3389447E-03
  -4.040000      5.7268525E-03
  -4.030000      5.1082796E-03
  -4.020000      4.4958661E-03
  -4.010000      3.9024460E-03
  -4.000000      3.3398205E-03
  -3.990000      2.8190017E-03
  -3.980000      2.3490353E-03
  -3.970000      1.9380273E-03
  -3.960000      1.5916954E-03
  -3.950000      1.3140070E-03
  -3.940000      1.1065076E-03
  -3.930000      9.6864830E-04
  -3.920000      8.9761353E-04
  -3.910000      8.8851398E-04
  -3.900000      9.3456503E-04
  -3.890000      1.0273608E-03
  -3.880000      1.1572322E-03
  -3.870000      1.3134937E-03
  -3.860000      1.4849438E-03
  -3.850000      1.6603597E-03
  -3.840000      1.8288142E-03
  -3.830000      1.9802044E-03
  -3.820000      2.1055799E-03
  -3.810000      2.1974009E-03
  -3.800000      2.2500476E-03
  -3.790000      2.2596992E-03
  -3.780000      2.2247655E-03
  -3.770000      2.1456780E-03
  -3.760000      2.0250666E-03
  -3.750000      1.8674601E-03
  -3.740000      1.6791866E-03
  -3.730000      1.4680354E-03
  -3.720000      1.2430915E-03
  -3.710000      1.0141055E-03
  -3.700000      7.9137419E-04
  -3.690000      5.8494054E-04
  -3.680000      4.0460471E-04
  -3.670000      2.5904202E-04
  -3.660000      1.5576780E-04
  -3.650000      1.0060155E-04
  -3.640000      9.7473807E-05
  -3.630000      1.4817508E-04
  -3.620000      2.5221499E-04
  -3.610000      4.0700051E-04
  -3.600000      6.0766283E-04
  -3.590000      8.4752811E-04
  -3.580000      1.1181318E-03
  -3.570000      1.4097531E-03
  -3.560000      1.7116611E-03
  -3.550000      2.0127739E-03
  -3.540000      2.3018464E-03
  -3.530000      2.5681360E-03
  -3.520000      2.8017999E-03
  -3.510000      2.9940482E-03
  -3.500000      3.1378604E-03
  -3.490000      3.2281682E-03
  -3.480000      3.2618504E-03
  -3.470000      3.2381171E-03
  -3.460000      3.1583491E-03
  -3.450000      3.0261257E-03
  -3.440000      2.8470561E-03
  -3.430000      2.6286992E-03
  -3.420000      2.3799399E-03
  -3.410000      2.1107756E-03
  -3.400000      1.8317158E-03
  -3.390000      1.5535071E-03
  -3.380000      1.2863913E-03
  -3.370000      1.0398774E-03
  -3.360000      8.2200603E-04
  -3.350000      6.3941517E-04
  -3.340000      4.9657206E-04
  -3.330000      3.9614359E-04
  -3.320000      3.3857551E-04
  -3.310000      3.2250458E-04
  -3.300000      3.4479139E-04
  -3.290000      4.0090043E-04
  -3.280000      4.8540748E-04
  -3.270000      5.9245672E-04
  -3.260000      7.1640511E-04
  -3.250000      8.5234595E-04
  -3.240000      9.9682098E-04
  -3.230000      1.1484053E-03
  -3.220000      1.3082386E-03
  -3.210000      1.4804312E-03
  -3.200000      1.6724628E-03
  -3.190000      1.8953057E-03
  -3.180000      2.1635452E-03
  -3.170000      2.4949843E-03
  -3.160000      2.9100683E-03
  -3.150000      3.4320613E-03
  -3.140000      4.0852884E-03
  -3.130000      4.8948526E-03
  -3.120000      5.8853407E-03
  -3.110000      7.0794881E-03
  -3.100000      8.4970901E-03
  -3.090000      1.0153866E-02
  -3.080000      1.2060015E-02
  -3.070000      1.4220472E-02
  -3.060000      1.6630981E-02
  -3.050000      1.9280737E-02
  -3.040000      2.2148451E-02
  -3.030000      2.5205487E-02
  -3.020000      2.8412363E-02
  -3.010000      3.1721771E-02
  -3.000000      3.5074841E-02
  -2.990000      3.8410176E-02
  -2.980000      4.1653819E-02
  -2.970000      4.4731811E-02
  -2.960000      4.7565505E-02
  -2.950000      5.0077617E-02
  -2.940000      5.2192595E-02
  -2.930000      5.3842470E-02
  -2.920000      5.4966033E-02
  -2.910000      5.5517755E-02
  -2.900000      5.5462908E-02
  -2.890000      5.4784246E-02
  -2.880000      5.3482346E-02
  -2.870000      5.1576007E-02
  -2.860000      4.9100965E-02
  -2.850000      4.6112049E-02
  -2.840000      4.2679813E-02
  -2.830000      3.8888115E-02
  -2.820000      3.4835044E-02
  -2.810000      3.0628862E-02
  -2.800000      2.6382972E-02
  -2.790000      2.2217272E-02
  -2.780000      1.8252475E-02
  -2.770000      1.4606915E-02
  -2.760000      1.1393357E-02
  -2.750000      8.7160924E-03
  -2.740000      6.6645192E-03
  -2.730000      5.3124041E-03
  -2.720000      4.7118664E-03
  -2.710000      4.8919502E-03
  -2.700000      5.8556194E-03
  -2.690000      7.5785248E-03
  -2.680000      1.0008405E-02
  -2.670000      1.3066241E-02
  -2.660000      1.6651606E-02
  -2.650000      2.0638661E-02
  -2.640000      2.4890738E-02
  -2.630000      2.9255448E-02
  -2.620000      3.3577576E-02
  -2.610000      3.7699707E-02
  -2.600000      4.1470077E-02
  -2.590000      4.4744674E-02
  -2.580000      4.7395881E-02
  -2.570000      4.9313951E-02
  -2.560000      5.0418198E-02
  -2.550000      5.0645348E-02
  -2.540000      4.9958214E-02
  -2.530000      4.8352316E-02
  -2.520000      4.5857221E-02
  -2.510000      4.2537488E-02
  -2.500000      3.8498651E-02
  -2.490000      3.3885464E-02
  -2.480000      2.8875098E-02
  -2.470000      2.3667835E-02
  -2.460000      1.8484248E-02
  -2.450000      1.3554558E-02
  -2.440000      9.1084521E-03
  -2.430000      5.3626043E-03
  -2.420000      2.5155942E-03
  -2.410000      7.3762378E-04
  -2.400000      1.6520791E-04
  -2.390000      8.9584547E-04
  -2.380000      2.9855655E-03
  -2.370000      6.4463620E-03
  -2.360000      1.1241227E-02
  -2.350000      1.7288743E-02
  -2.340000      2.4451450E-02
  -2.330000      3.2543726E-02
  -2.320000      4.1329831E-02
  -2.310000      5.0536748E-02
  -2.300000      5.9841923E-02
  -2.290000      6.8909347E-02
  -2.280000      7.7381149E-02
  -2.270000      8.4888741E-02
  -2.260000      9.1073997E-02
  -2.250000      9.5651194E-02
  -2.240000      9.8392755E-02
  -2.230000      9.9114485E-02
  -2.220000      9.7681358E-02
  -2.210000      9.4075389E-02
  -2.200000      8.8414498E-02
  -2.190000      8.0884151E-02
  -2.180000      7.1749426E-02
  -2.170000      6.1364565E-02
  -2.160000      5.0161067E-02
  -2.150000      3.8683914E-02
  -2.140000      2.7531946E-02
  -2.130000      1.7368469E-02
  -2.120000      8.9241387E-03
  -2.110000      2.9900407E-03
  -2.100000      4.0597946E-04
  -2.090000      2.0420528E-03
  -2.080000      8.7518394E-03
  -2.070000      2.1324599E-02
  -2.060000      4.0427160E-02
  -2.050000      6.6522442E-02
  -2.040000      0.1000280    
  -2.030000      0.1415326    
  -2.020000      0.1919290    
  -2.010000      0.2551880    
  -2.000000      0.3413372    
  -1.990000      0.4509225    
  -1.980000      0.5557008    
  -1.970000      0.6077577    
  -1.960000      0.6208970    
  -1.950000      0.6450875    
  -1.940000      0.7105593    
  -1.930000      0.8318971    
  -1.920000       1.011712    
  -1.910000       1.177864    
  -1.900000       1.270881    
  -1.890000       1.302350    
  -1.880000       1.305402    
  -1.870000       1.353010    
  -1.860000       1.621508    
  -1.850000       2.027146    
  -1.840000       2.252142    
  -1.830000       2.842308    
  -1.820000       3.926589    
  -1.810000       3.962002    
  -1.800000       2.351715    
  -1.790000       1.313851    
  -1.780000      0.9174637    
  -1.770000      0.8677286    
  -1.760000      0.8817927    
  -1.750000       1.003839    
  -1.740000       1.372438    
  -1.730000       1.610625    
  -1.720000       1.699882    
  -1.710000       1.494198    
  -1.700000       1.058960    
  -1.690000      0.6116391    
  -1.680000      0.4412312    
  -1.670000      0.3928004    
  -1.660000      0.4929537    
  -1.650000      0.8531838    
  -1.640000       1.010989    
  -1.630000       1.058842    
  -1.620000       1.299773    
  -1.610000       1.093701    
  -1.600000      0.4505688    
  -1.590000      0.1101016    
  -1.580000      4.6766572E-02
  -1.570000      5.1849645E-02
  -1.560000      7.0187993E-02
  -1.550000      8.7621339E-02
  -1.540000      9.3487129E-02
  -1.530000      5.9077863E-02
  -1.520000      2.2676008E-02
  -1.510000      8.7269349E-03
  -1.500000      4.0360470E-03
  -1.490000      3.1504403E-03
  -1.480000      2.8362046E-03
  -1.470000      2.5040191E-03
  -1.460000      2.7435431E-03
  -1.450000      4.7595231E-03
  -1.440000      6.1348225E-03
  -1.430000      8.4689548E-03
  -1.420000      1.4753693E-02
  -1.410000      1.6248584E-02
  -1.400000      7.7167829E-03
  -1.390000      3.0865853E-03
  -1.380000      1.9757045E-03
  -1.370000      1.6762224E-03
  -1.360000      1.5989261E-03
  -1.350000      1.3713751E-03
  -1.340000      1.2419580E-03
  -1.330000      1.1471910E-03
  -1.320000      1.0772496E-03
  -1.310000      9.5172180E-04
  -1.300000      8.4439595E-04
  -1.290000      7.7209424E-04
  -1.280000      7.0903182E-04
  -1.270000      6.3318963E-04
  -1.260000      5.4939598E-04
  -1.250000      4.7589300E-04
  -1.240000      4.1298702E-04
  -1.230000      3.5431102E-04
  -1.220000      2.9895018E-04
  -1.210000      2.5118337E-04
  -1.200000      2.1377405E-04
  -1.190000      1.8596488E-04
  -1.180000      1.5474946E-04
  -1.170000      9.1648668E-05
  -1.160000      1.6836384E-05
  -1.150000     -2.4815352E-04
  -1.140000     -8.3772652E-04
  -1.130000      4.6465122E-03
  -1.120000      5.0158676E-02
  -1.110000      0.1375692    
  -1.100000      0.1361222    
  -1.090000      5.5013999E-02
  -1.080000      3.9580200E-02
  -1.070000      4.3379616E-02
  -1.060000      5.8617819E-02
  -1.050000      4.6294555E-02
  -1.040000      1.9778807E-02
  -1.030000      4.4012796E-03
  -1.020000      1.1407021E-03
  -1.010000      7.1712333E-04
  -1.000000      1.2603946E-03
 -0.9900000      1.4573979E-03
 -0.9800000      6.6368439E-04
 -0.9700000      3.0465660E-04
 -0.9600000      5.2350323E-04
 -0.9500000      8.0155599E-04
 -0.9400000      2.3911470E-04
 -0.9300000      8.8609697E-05
 -0.9200000      3.2469968E-04
 -0.9100000      4.2933619E-04
 -0.9000000      9.3284427E-05
 -0.8900000      4.0403880E-05
 -0.8800000      3.6429879E-05
 -0.8700000      1.2866373E-04
 -0.8600000      1.0134790E-03
 -0.8500000      9.0726017E-04
 -0.8400000      2.2889598E-04
 -0.8300000      2.1069103E-04
 -0.8200000      1.8352077E-04
 -0.8100000      2.3374143E-04
 -0.8000000      1.9411153E-04
 -0.7900000      1.8797719E-04
 -0.7800000      1.6651768E-04
 -0.7700000      1.6365114E-04
 -0.7600000      1.6695910E-04
 -0.7500000      1.7549635E-04
 -0.7400000      2.0469872E-04
 -0.7300000      3.5472173E-04
 -0.7200000      2.9746743E-03
 -0.7100000      4.0887580E-03
 -0.7000000      8.4656326E-04
 -0.6900000      4.9948890E-04
 -0.6800000      4.3748340E-04
 -0.6700000      2.4904902E-03
 -0.6600000      6.2429192E-03
 -0.6500000      1.4848063E-03
 -0.6400000      5.7882988E-03
 -0.6300000      2.3116976E-02
 -0.6200000      9.5890602E-03
 -0.6100000      1.6007264E-03
 -0.6000000      6.4395801E-03
 -0.5900000      5.1259566E-03
 -0.5800000     -2.4713387E-04
 -0.5700000      4.4053253E-03
 -0.5600000      0.1288168    
 -0.5500000      0.1896772    
 -0.5400000      2.4002668E-02
 -0.5300000     -2.0703364E-03
 -0.5200000      1.6036075E-02
 -0.5100000      7.0469253E-02
 -0.5000000      2.4636542E-02
 -0.4900000      1.6489082E-03
 -0.4800000     -2.2804757E-04
 -0.4700000      3.5144929E-03
 -0.4600000      4.2199302E-02
 -0.4500000      5.2611887E-02
 -0.4400000      6.2826388E-03
 -0.4300000     -1.6965463E-05
 -0.4200000      7.4043041E-05
 -0.4100000      3.6156151E-04
 -0.4000000      7.8365754E-04
 -0.3900000      2.6005639E-03
 -0.3800000      3.9436393E-03
 -0.3700000      2.7210074E-03
 -0.3600000      4.9253687E-04
 -0.3500000      1.3589856E-04
 -0.3400000      1.0404093E-04
 -0.3300000      9.8164215E-05
 -0.3200000      9.8795601E-05
 -0.3100000      1.0743555E-04
 -0.3000000      1.3515762E-04
 -0.2900000      1.8648915E-04
 -0.2800000      2.8475741E-04
 -0.2700000      7.1390788E-04
 -0.2600000      2.9057944E-03
 -0.2500000      8.4658619E-03
 -0.2400000      4.8488481E-03
 -0.2300000      1.5580968E-03
 -0.2200000      4.9445109E-04
 -0.2100000      2.7816527E-04
 -0.2000000      2.1440259E-04
 -0.1900000      1.7972672E-04
 -0.1800000      1.6310946E-04
 -0.1700000      1.5319472E-04
 -0.1600000      1.4999075E-04
 -0.1500000      1.5383640E-04
 -0.1400000      1.8065042E-04
 -0.1300000      3.8195890E-04
 -0.1200000      1.2395128E-03
 -0.1100000      2.8521903E-03
 -0.1000000      1.6462778E-03
 -9.0000004E-02  4.9304107E-04
 -7.9999998E-02  2.3854151E-04
 -7.0000000E-02  1.6804603E-04
 -5.9999999E-02  1.2760349E-04
 -5.0000001E-02  9.9258388E-05
 -3.9999999E-02  7.9034020E-05
 -2.9999999E-02  6.4568558E-05
 -2.0000000E-02  5.7425481E-05
 -9.9999998E-03  5.5439301E-05
  0.0000000E+00  7.4075928E-05
  9.9999998E-03  2.3853462E-04
  2.0000000E-02  1.1076733E-03
  2.9999999E-02  1.2526561E-03
  3.9999999E-02  6.4324884E-04
  5.0000001E-02  1.6988112E-04
  5.9999999E-02  1.0508575E-04
  7.0000000E-02  1.1102756E-04
  7.9999998E-02  1.0822577E-04
  9.0000004E-02  2.3716311E-04
  0.1000000      2.0036502E-03
  0.1100000      4.6390514E-03
  0.1200000      1.1135421E-03
  0.1300000      2.3091138E-04
  0.1400000      2.1801026E-04
  0.1500000      3.1706432E-04
  0.1600000      1.3089949E-03
  0.1700000      4.4008973E-03
  0.1800000      1.6651725E-03
  0.1900000      1.4108588E-04
  0.2000000      6.2741798E-05
  0.2100000      4.3000742E-03
  0.2200000      1.9511582E-02
  0.2300000      6.8441899E-03
  0.2400000      1.2908684E-04
  0.2500000      9.3924646E-05
  0.2600000      5.6557305E-04
  0.2700000      9.2392956E-04
  0.2800000      3.3335769E-04
  0.2900000      8.9829147E-05
  0.3000000      1.4444456E-03
  0.3100000      4.0673953E-03
  0.3200000      8.5676025E-04
  0.3300000      1.6735372E-04
  0.3400000      3.0283653E-03
  0.3500000      5.3242645E-03
  0.3600000      1.1119796E-03
  0.3700000      1.4426857E-03
  0.3800000      2.7640858E-03
  0.3900000      2.2064836E-03
  0.4000000      1.6174955E-02
  0.4100000      0.1108293    
  0.4200000      6.3779593E-02
  0.4300000      1.0337248E-02
  0.4400000      1.8629882E-02
  0.4500000      1.7827876E-02
  0.4600000      1.6768159E-02
  0.4700000      3.6247112E-02
  0.4800000      4.7862224E-02
  0.4900000      3.1695917E-02
  0.5000000      9.7900033E-02
  0.5100000      8.3500855E-02
  0.5200000      5.7567488E-02
  0.5300000      0.1312376    
  0.5400000      7.1241446E-02
  0.5500000      6.6520564E-02
  0.5600000      7.4603327E-02
  0.5700000      8.2733579E-02
  0.5800000      7.0499934E-02
  0.5900000      0.9222092    
  0.6000000       2.065630    
  0.6100000      0.3512053    
  0.6200000      4.8488390E-02
  0.6300000      0.1027558    
  0.6400000      0.1903057    
  0.6500000      7.0465051E-02
  0.6600000      4.3314196E-02
  0.6700000      0.1069788    
  0.6800000      0.3042547    
  0.6900000      0.1296913    
  0.7000000      1.6139070E-02
  0.7100000      9.6047791E-03
  0.7200000      2.0803191E-02
  0.7300000      9.5517069E-02
  0.7400000      0.1626062    
  0.7500000      3.7505992E-02
  0.7600000      6.2758406E-03
  0.7700000      4.6980465E-03
  0.7800000      5.0384244E-03
  0.7900000      4.9766563E-03
  0.8000000      4.9158717E-03
  0.8100000      4.9838736E-03
  0.8200000      4.4982182E-03
  0.8300000      3.8371705E-03
  0.8400000      3.2121895E-03
  0.8500000      2.1990687E-03
  0.8600000      1.5301388E-03
  0.8700000      1.0275155E-03
  0.8800000      6.3268270E-04
  0.8900000      4.5124895E-04
  0.9000000      4.2077541E-04
  0.9100000      2.2665388E-04
  0.9200000      1.2020416E-04
  0.9300000      1.1170827E-04
  0.9400000      2.6418010E-04
  0.9500000      4.9981836E-04
  0.9600000      2.8034087E-04
  0.9700000      6.4355542E-04
  0.9800000      2.2998042E-03
  0.9900000      1.4287831E-03
   1.000000      8.1448199E-04
   1.010000      1.0727218E-03
   1.020000      1.1909500E-03
   1.030000      1.7952528E-03
   1.040000      1.6094493E-03
   1.050000      2.1944479E-03
   1.060000      1.5892610E-03
   1.070000      2.1469246E-03
   1.080000      3.3785263E-03
   1.090000      7.4205175E-03
   1.100000      3.2616653E-03
   1.110000      2.5712245E-03
   1.120000      2.1599738E-03
   1.130000      6.1038192E-03
   1.140000      5.1642796E-03
   1.150000      1.4298314E-02
   1.160000      1.5418886E-02
   1.170000      1.7090693E-02
   1.180000      5.0107725E-02
   1.190000      2.3393456E-02
   1.200000      6.5634833E-03
   1.210000      1.5186039E-02
   1.220000      7.9856766E-03
   1.230000      1.0718550E-03
   1.240000      9.2175225E-04
   1.250000      2.3100362E-03
   1.260000      3.1435417E-03
   1.270000      1.9618126E-03
   1.280000      1.6003427E-03
   1.290000      1.6337183E-03
   1.300000      1.7543358E-03
   1.310000      2.7425012E-03
   1.320000      4.5237606E-03
   1.330000      1.2169462E-02
   1.340000      1.7454548E-02
   1.350000      1.1529190E-02
   1.360000      6.3928287E-03
   1.370000      2.1932712E-03
   1.380000      4.3163387E-04
   1.390000      1.9264666E-04
   1.400000      1.8214376E-04
   1.410000      1.5857657E-04
   1.420000      1.2785569E-04
   1.430000      1.4039630E-04
   1.440000      1.5678043E-04
   1.450000      2.3559989E-04
   1.460000      4.2314030E-04
   1.470000      1.1309235E-03
   1.480000      2.1636614E-03
   1.490000      1.7309573E-03
   1.500000      9.5074275E-04
   1.510000      8.3795737E-04
   1.520000      6.9806166E-04
   1.530000      5.8350578E-04
   1.540000      6.1363494E-04
   1.550000      8.1490504E-04
   1.560000      1.3608108E-03
   1.570000      2.7839579E-03
   1.580000      6.6708205E-03
   1.590000      1.2082082E-02
   1.600000      1.1226265E-02
   1.610000      5.9101130E-03
   1.620000      3.2802492E-03
   1.630000      2.7242254E-03
   1.640000      3.4232568E-03
   1.650000      5.9539946E-03
   1.660000      9.7988974E-03
   1.670000      1.2408303E-02
   1.680000      1.7721578E-02
   1.690000      4.1807193E-02
   1.700000      7.3911935E-02
   1.710000      7.4316159E-02
   1.720000      4.6751127E-02
   1.730000      2.7544964E-02
   1.740000      2.4260860E-02
   1.750000      2.4722762E-02
   1.760000      2.7763052E-02
   1.770000      3.6408652E-02
   1.780000      6.4192392E-02
   1.790000      0.1046196    
   1.800000      0.1223839    
   1.810000      0.1282331    
   1.820000      0.1473809    
   1.830000      0.1478958    
   1.840000      0.1222144    
   1.850000      0.1098279    
   1.860000      0.1129543    
   1.870000      0.1151173    
   1.880000      0.1163701    
   1.890000      0.1159559    
   1.900000      0.1169888    
   1.910000      0.1273171    
   1.920000      0.1344760    
   1.930000      0.1216090    
   1.940000      9.9408634E-02
   1.950000      8.4774822E-02
   1.960000      7.8668378E-02
   1.970000      7.6106876E-02
   1.980000      7.2767854E-02
   1.990000      6.5098546E-02
   2.000000      5.4800034E-02
   2.010000      4.4917542E-02
   2.020000      3.6380518E-02
   2.030000      2.8893823E-02
   2.040000      2.2399038E-02
   2.050000      1.6980145E-02
   2.060000      1.2723414E-02
   2.070000      9.7125964E-03
   2.080000      7.9953270E-03
   2.090000      7.5729201E-03
   2.100000      8.4078303E-03
   2.110000      1.0418211E-02
   2.120000      1.3482689E-02
   2.130000      1.7452253E-02
   2.140000      2.2153135E-02
   2.150000      2.7405817E-02
   2.160000      3.3018846E-02
   2.170000      3.8771864E-02
   2.180000      4.4430066E-02
   2.190000      4.9772527E-02
   2.200000      5.4591920E-02
   2.210000      5.8702055E-02
   2.220000      6.1911490E-02
   2.230000      6.4062767E-02
   2.240000      6.5063976E-02
   2.250000      6.4860299E-02
   2.260000      6.3422412E-02
   2.270000      6.0791653E-02
   2.280000      5.7087362E-02
   2.290000      5.2458838E-02
   2.300000      4.7080502E-02
   2.310000      4.1155253E-02
   2.320000      3.4902859E-02
   2.330000      2.8563581E-02
   2.340000      2.2369940E-02
   2.350000      1.6555289E-02
   2.360000      1.1340168E-02
   2.370000      6.9300644E-03
   2.380000      3.5003328E-03
   2.390000      1.2019355E-03
   2.400000      1.4633623E-04
   2.410000      4.0432252E-04
   2.420000      1.9996001E-03
   2.430000      4.9050967E-03
   2.440000      9.0409545E-03
   2.450000      1.4275238E-02
   2.460000      2.0429920E-02
   2.470000      2.7283033E-02
   2.480000      3.4579594E-02
   2.490000      4.2042036E-02
   2.500000      4.9385235E-02
   2.510000      5.6320515E-02
   2.520000      6.2570050E-02
   2.530000      6.7881912E-02
   2.540000      7.2040580E-02
   2.550000      7.4864402E-02
   2.560000      7.6216698E-02
   2.570000      7.6007433E-02
   2.580000      7.4203588E-02
   2.590000      7.0839070E-02
   2.600000      6.6013843E-02
   2.610000      5.9886169E-02
   2.620000      5.2684166E-02
   2.630000      4.4693828E-02
   2.640000      3.6260337E-02
   2.650000      2.7772674E-02
   2.660000      1.9666061E-02
   2.670000      1.2391116E-02
   2.680000      6.4212792E-03
   2.690000      2.2174211E-03
   2.700000      2.2601764E-04
   2.710000      8.5923873E-04
   2.720000      4.4784001E-03
   2.730000      1.1388219E-02
   2.740000      2.1818848E-02
   2.750000      3.5929747E-02
   2.760000      5.3790171E-02
   2.770000      7.5393178E-02
   2.780000      0.1006335    
   2.790000      0.1293260    
   2.800000      0.1611996    
   2.810000      0.1958990    
   2.820000      0.2329872    
   2.830000      0.2719713    
   2.840000      0.3122783    
   2.850000      0.3532742    
   2.860000      0.3943158    
   2.870000      0.4347135    
   2.880000      0.4737590    
   2.890000      0.5107784    
   2.900000      0.5451050    
   2.910000      0.5761312    
   2.920000      0.6033047    
   2.930000      0.6261554    
   2.940000      0.6442824    
   2.950000      0.6574227    
   2.960000      0.6654018    
   2.970000      0.6681483    
   2.980000      0.6656956    
   2.990000      0.6581541    
   3.000000      0.6457403    
   3.010000      0.6287757    
   3.020000      0.6075962    
   3.030000      0.5826335    
   3.040000      0.5543572    
   3.050000      0.5232686    
   3.060000      0.4898894    
   3.070000      0.4547814    
   3.080000      0.4184808    
   3.090000      0.3815616    
   3.100000      0.3445347    
   3.110000      0.3079170    
   3.120000      0.2721941    
   3.130000      0.2377988    
   3.140000      0.2051265    
   3.150000      0.1745058    
   3.160000      0.1462063    
   3.170000      0.1204376    
   3.180000      9.7322918E-02
   3.190000      7.6954931E-02
   3.200000      5.9341788E-02
   3.210000      4.4432241E-02
   3.220000      3.2125257E-02
   3.230000      2.2279164E-02
   3.240000      1.4708338E-02
   3.250000      9.2006829E-03
   3.260000      5.5225263E-03
   3.270000      3.4278985E-03
   3.280000      2.6650096E-03
   3.290000      2.9828358E-03
   3.300000      4.1380050E-03
   3.310000      5.9015369E-03
   3.320000      8.0598025E-03
   3.330000      1.0420789E-02
   3.340000      1.2814509E-02
   3.350000      1.5099637E-02
   3.360000      1.7157702E-02
   3.370000      1.8900003E-02
   3.380000      2.0261461E-02
   3.390000      2.1203926E-02
   3.400000      2.1710983E-02
   3.410000      2.1787159E-02
   3.420000      2.1455057E-02
   3.430000      2.0751897E-02
   3.440000      1.9725950E-02
   3.450000      1.8433023E-02
   3.460000      1.6933000E-02
   3.470000      1.5288490E-02
   3.480000      1.3560048E-02
   3.490000      1.1805204E-02
   3.500000      1.0075750E-02
   3.510000      8.4168119E-03
   3.520000      6.8663489E-03
   3.530000      5.4533505E-03
   3.540000      4.1999598E-03
   3.550000      3.1191688E-03
   3.560000      2.2166034E-03
   3.570000      1.4910789E-03
   3.580000      9.3514228E-04
   3.590000      5.3659175E-04
   3.600000      2.7913501E-04
   3.610000      1.4369164E-04
   3.620000      1.0942294E-04
   3.630000      1.5482493E-04
   3.640000      2.5880535E-04
   3.650000      4.0128804E-04
   3.660000      5.6421221E-04
   3.670000      7.3172344E-04
   3.680000      8.9072943E-04
   3.690000      1.0310066E-03
   3.700000      1.1453233E-03
   3.710000      1.2291730E-03
   3.720000      1.2806738E-03
   3.730000      1.3000665E-03
   3.740000      1.2894766E-03
   3.750000      1.2524029E-03
   3.760000      1.1933103E-03
   3.770000      1.1172324E-03
   3.780000      1.0293516E-03
   3.790000      9.3469041E-04
   3.800000      8.3780888E-04
   3.810000      7.4259494E-04
   3.820000      6.5225567E-04
   3.830000      5.6903873E-04
   3.840000      4.9439626E-04
   3.850000      4.2894576E-04
   3.860000      3.7258744E-04
   3.870000      3.2469680E-04
   3.880000      2.8421497E-04
   3.890000      2.4986203E-04
   3.900000      2.2029900E-04
   3.910000      1.9427945E-04
   3.920000      1.7079870E-04
   3.930000      1.4919227E-04
   3.940000      1.2923546E-04
   3.950000      1.1113867E-04
   3.960000      9.5560099E-05
   3.970000      8.3542232E-05
   3.980000      7.6469383E-05
   3.990000      7.5927630E-05
   4.000000      8.3600200E-05
   4.010000      1.0115006E-04
   4.020000      1.3005061E-04
   4.030000      1.7149725E-04
   4.040000      2.2625094E-04
   4.050000      2.9459433E-04
   4.060000      3.7621782E-04
   4.070000      4.7025317E-04
   4.080000      5.7517219E-04
   4.090000      6.8889320E-04
   4.100000      8.0883258E-04
   4.110000      9.3195977E-04
   4.120000      1.0550015E-03
   4.130000      1.1744734E-03
   4.140000      1.2868940E-03
   4.150000      1.3889886E-03
   4.160000      1.4776069E-03
   4.170000      1.5501053E-03
   4.180000      1.6044077E-03
   4.190000      1.6389756E-03
   4.200000      1.6529678E-03
   4.210000      1.6462568E-03
   4.220000      1.6193066E-03
   4.230000      1.5733190E-03
   4.240000      1.5100737E-03
   4.250000      1.4318572E-03
   4.260000      1.3412883E-03
   4.270000      1.2412895E-03
   4.280000      1.1348727E-03
   4.290000      1.0251615E-03
   4.300000      9.1510959E-04
   4.310000      8.0748694E-04
   4.320000      7.0463086E-04
   4.330000      6.0863839E-04
   4.340000      5.2097364E-04
   4.350000      4.4275547E-04
   4.360000      3.7454587E-04
   4.370000      3.1644711E-04
   4.380000      2.6809055E-04
   4.390000      2.2879032E-04
   4.400000      1.9753640E-04
   4.410000      1.7314000E-04
   4.420000      1.5430439E-04
   4.430000      1.3973776E-04
   4.440000      1.2823283E-04
   4.450000      1.1875501E-04
   4.460000      1.1050580E-04
   4.470000      1.0295480E-04
   4.480000      9.5876312E-05
   4.490000      8.9338413E-05
   4.500000      8.3678700E-05
   4.510000      7.9463287E-05
   4.520000      7.7434393E-05
   4.530000      7.8413890E-05
   4.540000      8.3238279E-05
   4.550000      9.2663038E-05
   4.560000      1.0727228E-04
   4.570000      1.2741827E-04
   4.580000      1.5313947E-04
   4.590000      1.8413524E-04
   4.600000      2.1970631E-04
   4.610000      2.5882127E-04
   4.620000      3.0006157E-04
   4.630000      3.4177484E-04
   4.640000      3.8204517E-04
   4.650000      4.1888971E-04
   4.660000      4.5032008E-04
   4.670000      4.7450096E-04
   4.680000      4.8984785E-04
   4.690000      4.9517653E-04
   4.700000      4.8981438E-04
   4.710000      4.7369866E-04
   4.720000      4.4742986E-04
   4.730000      4.1231571E-04
   4.740000      3.7036533E-04
   4.750000      3.2427860E-04
   4.760000      2.7733805E-04
   4.770000      2.3329859E-04
   4.780000      1.9623678E-04
   4.790000      1.7040281E-04
   4.800000      1.5993408E-04
   4.810000      1.6867959E-04
   4.820000      1.9999935E-04
   4.830000      2.5647550E-04
   4.840000      3.3971455E-04
   4.850000      4.5016690E-04
   4.860000      5.8699364E-04
   4.870000      7.4791984E-04
   4.880000      9.2934881E-04
   4.890000      1.1261699E-03
   4.900000      1.3321330E-03
   4.910000      1.5397486E-03
   4.920000      1.7408364E-03
   4.930000      1.9265524E-03
   4.940000      2.0880958E-03
   4.950000      2.2168064E-03
   4.960000      2.3049829E-03
   4.970000      2.3459215E-03
   4.980000      2.3347007E-03
   4.990000      2.2686026E-03
   5.000000      2.1474971E-03
   5.010000      1.9741619E-03
   5.020000      1.7545592E-03
   5.030000      1.4981881E-03
   5.040000      1.2179819E-03
   5.050000      9.3043060E-04
   5.060000      6.5541873E-04
   5.070000      4.1585791E-04
   5.080000      2.3735885E-04
   5.090000      1.4763305E-04
   5.100000      1.7577346E-04
   5.110000      3.5177651E-04
   5.120000      7.0527702E-04
   5.130000      1.2648490E-03
   5.140000      2.0567945E-03
   5.150000      3.1050248E-03
   5.160000      4.4287895E-03
   5.170000      6.0428958E-03
   5.180000      7.9563102E-03
   5.190000      1.0172511E-02
   5.200000      1.2686945E-02
   5.210000      1.5489157E-02
   5.220000      1.8560024E-02
   5.230000      2.1875465E-02
   5.240000      2.5401952E-02
   5.250000      2.9100776E-02
   5.260000      3.2926172E-02
   5.270000      3.6828343E-02
   5.280000      4.0750567E-02
   5.290000      4.4636697E-02
   5.300000      4.8423402E-02
   5.310000      5.2052129E-02
   5.320000      5.5459961E-02
   5.330000      5.8588278E-02
   5.340000      6.1379682E-02
   5.350000      6.3784488E-02
   5.360000      6.5756559E-02
   5.370000      6.7259140E-02
   5.380000      6.8261705E-02
   5.390000      6.8742432E-02
   5.400000      6.8690710E-02
   5.410000      6.8105690E-02
   5.420000      6.6996805E-02
   5.430000      6.5384530E-02
   5.440000      6.3294925E-02
   5.450000      6.0765285E-02
   5.460000      5.7841107E-02
   5.470000      5.4574873E-02
   5.480000      5.1023152E-02
   5.490000      4.7245890E-02
   5.500000      4.3308362E-02
   5.510000      3.9276190E-02
   5.520000      3.5211932E-02
   5.530000      3.1180065E-02
   5.540000      2.7239095E-02
   5.550000      2.3446608E-02
   5.560000      1.9851200E-02
   5.570000      1.6497331E-02
   5.580000      1.3420299E-02
   5.590000      1.0651397E-02
   5.600000      8.2091270E-03
   5.610000      6.1072353E-03
   5.620000      4.3501207E-03
   5.630000      2.9345015E-03
   5.640000      1.8484496E-03
   5.650000      1.0748737E-03
   5.660000      5.8944407E-04
   5.670000      3.6337369E-04
   5.680000      3.6364520E-04
   5.690000      5.5443420E-04
   5.700000      8.9805241E-04
   5.710000      1.3564281E-03
   5.720000      1.8919021E-03
   5.730000      2.4685606E-03
   5.740000      3.0528104E-03
   5.750000      3.6145758E-03
   5.760000      4.1273558E-03
   5.770000      4.5697447E-03
   5.780000      4.9245148E-03
   5.790000      5.1797424E-03
   5.800000      5.3282999E-03
   5.810000      5.3677023E-03
   5.820000      5.3001894E-03
   5.830000      5.1319445E-03
   5.840000      4.8728576E-03
   5.850000      4.5356494E-03
   5.860000      4.1353791E-03
   5.870000      3.6884153E-03
   5.880000      3.2123700E-03
   5.890000      2.7247604E-03
   5.900000      2.2427007E-03
   5.910000      1.7818761E-03
   5.920000      1.3566839E-03
   5.930000      9.7876636E-04
   5.940000      6.5797585E-04
   5.950000      4.0086772E-04
   5.960000      2.1162607E-04
   5.970000      9.1362359E-05
   5.980000      3.8597671E-05
   5.990000      4.9325743E-05
   6.000000      1.1739910E-04
   6.010000      2.3483923E-04
   6.020000      3.9224356E-04
   6.030000      5.7922187E-04
   6.040000      7.8493723E-04
   6.050000      9.9843368E-04
   6.060000      1.2092226E-03
   6.070000      1.4074746E-03
   6.080000      1.5845803E-03
   6.090000      1.7333223E-03
   6.100000      1.8480107E-03
   6.110000      1.9247282E-03
   6.120000      1.9613903E-03
   6.130000      1.9578040E-03
   6.140000      1.9153570E-03
   6.150000      1.8369752E-03
   6.160000      1.7269636E-03
   6.170000      1.5907614E-03
   6.180000      1.4344989E-03
   6.190000      1.2648330E-03
   6.200000      1.0884574E-03
   6.210000      9.1207569E-04
   6.220000      7.4178952E-04
   6.230000      5.8310234E-04
   6.240000      4.4060670E-04
   6.250000      3.1791098E-04
   6.260000      2.1741146E-04
   6.270000      1.4050465E-04
   6.280000      8.7371081E-05
   6.290000      5.7300847E-05
   6.300000      4.8698384E-05
   6.310000      5.9299979E-05
   6.320000      8.6412838E-05
   6.330000      1.2715983E-04
   6.340000      1.7871900E-04
   6.350000      2.3858987E-04
   6.360000      3.0479592E-04
   6.370000      3.7612079E-04
   6.380000      4.5224695E-04
   6.390000      5.3392054E-04
   6.400000      6.2290626E-04
   6.410000      7.2213932E-04
   6.420000      8.3547889E-04
   6.430000      9.6772332E-04
   6.440000      1.1243342E-03
   6.450000      1.3112358E-03
   6.460000      1.5344424E-03
   6.470000      1.7999203E-03
   6.480000      2.1129884E-03
   6.490000      2.4783257E-03
   6.500000      2.8991799E-03
   6.510000      3.3774844E-03
   6.520000      3.9131995E-03
   6.530000      4.5047463E-03
   6.540000      5.1479880E-03
   6.550000      5.8368901E-03
   6.560000      6.5626567E-03
   6.570000      7.3151914E-03
   6.580000      8.0817835E-03
   6.590000      8.8483253E-03
   6.600000      9.5991679E-03
   6.610000      1.0318321E-02
   6.620000      1.0988249E-02
   6.630000      1.1592368E-02
   6.640000      1.2114449E-02
   6.650000      1.2539743E-02
   6.660000      1.2854510E-02
   6.670000      1.3047958E-02
   6.680000      1.3111616E-02
   6.690000      1.3040072E-02
   6.700000      1.2831792E-02
   6.710000      1.2488582E-02
   6.720000      1.2015662E-02
   6.730000      1.1422439E-02
   6.740000      1.0720710E-02
   6.750000      9.9267494E-03
   6.760000      9.0588182E-03
   6.770000      8.1375036E-03
   6.780000      7.1853530E-03
   6.790000      6.2258402E-03
   6.800000      5.2826758E-03
   6.810000      4.3797530E-03
   6.820000      3.5392945E-03
   6.830000      2.7821870E-03
   6.840000      2.1264581E-03
   6.850000      1.5875653E-03
   6.860000      1.1770828E-03
   6.870000      9.0292317E-04
   6.880000      7.6842902E-04
   6.890000      7.7276269E-04
   6.900000      9.1061380E-04
   6.910000      1.1723910E-03
   6.920000      1.5447185E-03
   6.930000      2.0103112E-03
   6.940000      2.5492094E-03
   6.950000      3.1390276E-03
   6.960000      3.7559057E-03
   6.970000      4.3749446E-03
   6.980000      4.9716481E-03
   6.990000      5.5225412E-03
   7.000000      6.0056262E-03
   7.010000      6.4016492E-03
   7.020000      6.6947434E-03
   7.030000      6.8726297E-03
   7.040000      6.9273897E-03
   7.050000      6.8556909E-03
   7.060000      6.6589657E-03
   7.070000      6.3433573E-03
   7.080000      5.9197661E-03
   7.090000      5.4026362E-03
   7.100000      4.8107672E-03
   7.110000      4.1659069E-03
   7.120000      3.4922594E-03
   7.130000      2.8151916E-03
   7.140000      2.1610414E-03
   7.150000      1.5553798E-03
   7.160000      1.0229520E-03
   7.170000      5.8569899E-04
   7.180000      2.6278643E-04
   7.190000      6.9252193E-05
   7.200000      1.5675982E-05
   7.210000      1.0747342E-04
   7.220000      3.4471357E-04
   7.230000      7.2202389E-04
   7.240000      1.2284701E-03
   7.250000      1.8484859E-03
   7.260000      2.5610183E-03
   7.270000      3.3417826E-03
   7.280000      4.1627190E-03
   7.290000      4.9939314E-03
   7.300000      5.8039865E-03
   7.310000      6.5616998E-03
   7.320000      7.2367317E-03
   7.330000      7.8009977E-03
   7.340000      8.2299169E-03
   7.350000      8.5035833E-03
   7.360000      8.6072329E-03
   7.370000      8.5324775E-03
   7.380000      8.2776556E-03
   7.390000      7.8485105E-03
   7.400000      7.2583663E-03
   7.410000      6.5278872E-03
   7.420000      5.6850282E-03
   7.430000      4.7648484E-03
   7.440000      3.8073140E-03
   7.450000      2.8582008E-03
   7.460000      1.9666913E-03
   7.470000      1.1846460E-03
   7.480000      5.6460302E-04
   7.490000      1.5870288E-04
   7.500000      1.6820552E-05
   7.510000      1.8544936E-04
   7.520000      7.0582976E-04
   7.530000      1.6124735E-03
   7.540000      2.9329662E-03
   7.550000      4.6855118E-03
   7.560000      6.8784547E-03
   7.570000      9.5104109E-03
   7.580000      1.2570743E-02
   7.590000      1.6035672E-02
   7.600000      1.9874219E-02
   7.610000      2.4042219E-02
   7.620000      2.8488753E-02
   7.630000      3.3153594E-02
   7.640000      3.7969310E-02
   7.650000      4.2864144E-02
   7.660000      4.7762875E-02
   7.670000      5.2584924E-02
   7.680000      5.7249866E-02
   7.690000      6.1683334E-02
   7.700000      6.5809146E-02
   7.710000      6.9559783E-02
   7.720000      7.2869740E-02
   7.730000      7.5684927E-02
   7.740000      7.7959582E-02
   7.750000      7.9659261E-02
   7.760000      8.0757536E-02
   7.770000      8.1240162E-02
   7.780000      8.1106506E-02
   7.790000      8.0364071E-02
   7.800000      7.9030573E-02
   7.810000      7.7136971E-02
   7.820000      7.4722715E-02
   7.830000      7.1833059E-02
   7.840000      6.8522885E-02
   7.850000      6.4851232E-02
   7.860000      6.0880885E-02
   7.870000      5.6678284E-02
   7.880000      5.2313481E-02
   7.890000      4.7850769E-02
   7.900000      4.3358214E-02
   7.910000      3.8897853E-02
   7.920000      3.4530520E-02
   7.930000      3.0309103E-02
   7.940000      2.6282959E-02
   7.950000      2.2492232E-02
   7.960000      1.8971134E-02
   7.970000      1.5747087E-02
   7.980000      1.2838339E-02
   7.990000      1.0256301E-02
   8.000000      8.0044214E-03
   8.010000      6.0801427E-03
   8.020000      4.4736047E-03
   8.030000      3.1697894E-03
   8.040000      2.1488711E-03
   8.050000      1.3876412E-03
   8.060000      8.5884245E-04
   8.070000      5.3400244E-04
   8.080000      3.8314323E-04
   8.090000      3.7606305E-04
   8.100000      4.8308485E-04
   8.110000      6.7556923E-04
   8.120000      9.2679914E-04
   8.130000      1.2122415E-03
   8.140000      1.5102237E-03
   8.150000      1.8018610E-03
   8.160000      2.0715909E-03
   8.170000      2.3070055E-03
   8.180000      2.4989166E-03
   8.190000      2.6411926E-03
   8.200000      2.7306138E-03
   8.210000      2.7665521E-03
   8.220000      2.7507101E-03
   8.230000      2.6866354E-03
   8.240000      2.5794674E-03
   8.250000      2.4354770E-03
   8.260000      2.2617010E-03
   8.270000      2.0655831E-03
   8.280000      1.8546422E-03
   8.290000      1.6361574E-03
   8.300000      1.4168684E-03
   8.310000      1.2028407E-03
   8.320000      9.9936523E-04
   8.330000      8.1063068E-04
   8.340000      6.4000819E-04
   8.350000      4.8966875E-04
   8.360000      3.6097658E-04
   8.370000      2.5426326E-04
   8.380000      1.6910888E-04
   8.390000      1.0440448E-04
   8.400000      5.8482034E-05
   8.410000      2.9195813E-05
   8.420000      1.4153299E-05
   8.430000      1.0793866E-05
   8.440000      1.6514730E-05
   8.450000      2.8796587E-05
   8.460000      4.5286288E-05
   8.470000      6.3878608E-05
   8.480000      8.2757659E-05
   8.490000      1.0045162E-04
   8.500000      1.1581628E-04
   8.510000      1.2806861E-04
   8.520000      1.3674132E-04
   8.530000      1.4165863E-04
   8.540000      1.4290438E-04
   8.550000      1.4076327E-04
   8.560000      1.3567059E-04
   8.570000      1.2817209E-04
   8.580000      1.1886744E-04
   8.590000      1.0836319E-04
   8.600000      9.7243414E-05
   8.610000      8.6031730E-05
   8.620000      7.5172946E-05
   8.630000      6.5019718E-05
   8.640000      5.5824286E-05
   8.650000      4.7739231E-05
   8.660000      4.0823612E-05
   8.670000      3.5060250E-05
   8.680000      3.0365589E-05
   8.690000      2.6613507E-05
   8.700000      2.3648901E-05
   8.710000      2.1308382E-05
   8.720000      1.9439010E-05
   8.730000      1.7907700E-05
   8.740000      1.6611526E-05
   8.750000      1.5488653E-05
   8.760000      1.4518649E-05
   8.770000      1.3720143E-05
   8.780000      1.3146053E-05
   8.790000      1.2877971E-05
   8.800000      1.3014087E-05
   8.810000      1.3660600E-05
   8.820000      1.4919034E-05
   8.830000      1.6876600E-05
   8.840000      1.9594589E-05
   8.850000      2.3104003E-05
   8.860000      2.7401640E-05
   8.870000      3.2441658E-05
   8.880000      3.8139115E-05
   8.890000      4.4378863E-05
   8.900000      5.1014475E-05
   8.910000      5.7875404E-05
   8.920000      6.4783941E-05
   8.930000      7.1556162E-05
   8.940000      7.8018522E-05
   8.950000      8.4015956E-05
   8.960000      8.9415880E-05
   8.970000      9.4123243E-05
   8.980000      9.8077799E-05
   8.990000      1.0126069E-04
   9.000000      1.0368633E-04
   9.010000      1.0540598E-04
   9.020000      1.0649690E-04
   9.030000      1.0705821E-04
   9.040000      1.0719769E-04
   9.050000      1.0702457E-04
   9.060000      1.0663708E-04
   9.070000      1.0611770E-04
   9.080000      1.0551616E-04
   9.090000      1.0485393E-04
   9.100000      1.0411820E-04
   9.110000      1.0326225E-04
   9.120000      1.0220697E-04
   9.130000      1.0084738E-04
   9.140000      9.9066201E-05
   9.150000      9.6741707E-05
   9.160000      9.3763774E-05
   9.170000      9.0049347E-05
   9.180000      8.5551226E-05
   9.190000      8.0275669E-05
   9.200000      7.4296615E-05
   9.210000      6.7759458E-05
   9.220000      6.0885795E-05
   9.230000      5.3974833E-05
   9.240000      4.7398222E-05
   9.250000      4.1588093E-05
   9.260000      3.7020382E-05
   9.270000      3.4199642E-05
   9.280000      3.3627224E-05
   9.290000      3.5775724E-05
   9.300000      4.1064199E-05
   9.310000      4.9818587E-05
   9.320000      6.2260908E-05
   9.330000      7.8456862E-05
   9.340000      9.8331948E-05
   9.350000      1.2162406E-04
   9.360000      1.4789331E-04
   9.370000      1.7650500E-04
   9.380000      2.0668065E-04
   9.390000      2.3746888E-04
   9.400000      2.6782157E-04
   9.410000      2.9659114E-04
   9.420000      3.2260016E-04
   9.430000      3.4468446E-04
   9.440000      3.6176518E-04
   9.450000      3.7289530E-04
   9.460000      3.7731949E-04
   9.470000      3.7451103E-04
   9.480000      3.6426494E-04
   9.490000      3.4668436E-04
   9.500000      3.2225036E-04
   9.510000      2.9178988E-04
   9.520000      2.5649904E-04
   9.530000      2.1794735E-04
   9.540000      1.7796205E-04
   9.550000      1.3864547E-04
   9.560000      1.0226099E-04
   9.570000      7.1169190E-05
   9.580000      4.7714926E-05
   9.590000      3.4125562E-05
   9.600000      3.2402411E-05
   9.610000      4.4218461E-05
   9.620000      7.0801929E-05
   9.630000      1.1286172E-04
   9.640000      1.7047701E-04
   9.650000      2.4313014E-04
   9.660000      3.2950236E-04
   9.670000      4.2769097E-04
   9.680000      5.3501764E-04
   9.690000      6.4822612E-04
   9.700000      7.6347782E-04
   9.710000      8.7661424E-04
   9.720000      9.8307757E-04
   9.730000      1.0783118E-03
   9.740000      1.1578087E-03
   9.750000      1.2174282E-03
   9.760000      1.2535102E-03
   9.770000      1.2632174E-03
   9.780000      1.2446466E-03
   9.790000      1.1970699E-03
   9.800000      1.1211205E-03
   9.810000      1.0189464E-03
   9.820000      8.9428207E-04
   9.830000      7.5237284E-04
   9.840000      6.0027081E-04
   9.850000      4.4653917E-04
   9.860000      3.0121734E-04
   9.870000      1.7558485E-04
   9.880000      8.2108112E-05
   9.890000      3.3982818E-05
   9.900000      4.4895634E-05
   9.910000      1.2860773E-04
   9.920000      2.9866176E-04
   9.930000      5.6781044E-04
   9.940000      9.4787078E-04
   9.950000      1.4486983E-03
   9.960000      2.0786547E-03
   9.970000      2.8435225E-03
   9.980000      3.7465333E-03
   9.990000      4.7876481E-03
   10.00000      5.9651635E-03
   10.01000      7.2660097E-03
   10.02000      8.6928187E-03
   10.03000      1.0223104E-02
   10.04000      1.1846089E-02
   10.05000      1.3539191E-02
   10.06000      1.5279576E-02
   10.07000      1.7049933E-02
   10.08000      1.8816493E-02
   10.09000      2.0557683E-02
   10.10000      2.2243859E-02
   10.11000      2.3847876E-02
   10.12000      2.5344450E-02
   10.13000      2.6707811E-02
   10.14000      2.7910091E-02
   10.15000      2.8935239E-02
   10.16000      2.9760059E-02
   10.17000      3.0371835E-02
   10.18000      3.0757256E-02
   10.19000      3.0908313E-02
   10.20000      3.0821688E-02
   10.21000      3.0499006E-02
   10.22000      2.9944297E-02
   10.23000      2.9167874E-02
   10.24000      2.8183902E-02
   10.25000      2.7008334E-02
   10.26000      2.5661210E-02
   10.27000      2.4168337E-02
   10.28000      2.2552559E-02
   10.29000      2.0843577E-02
   10.30000      1.9067766E-02
   10.31000      1.7253779E-02
   10.32000      1.5435205E-02
   10.33000      1.3633657E-02
   10.34000      1.1882300E-02
   10.35000      1.0201767E-02
   10.36000      8.6123226E-03
   10.37000      7.1376530E-03
   10.38000      5.7866545E-03
   10.39000      4.5765149E-03
   10.40000      3.5118537E-03
   10.41000      2.5978379E-03
   10.42000      1.8366195E-03
   10.43000      1.2244135E-03
   10.44000      7.5620785E-04
   10.45000      4.2395471E-04
   10.46000      2.1573607E-04
   10.47000      1.1967232E-04
   10.48000      1.2003767E-04
   10.49000      2.0182702E-04
   10.50000      3.4779788E-04
   10.51000      5.4251641E-04
   10.52000      7.6872582E-04
   10.53000      1.0118494E-03
   10.54000      1.2570366E-03
   10.55000      1.4920892E-03
   10.56000      1.7065321E-03
   10.57000      1.8906107E-03
   10.58000      2.0373098E-03
   10.59000      2.1421793E-03
   10.60000      2.2020380E-03
   10.61000      2.2165389E-03
   10.62000      2.1868465E-03
   10.63000      2.1158708E-03
   10.64000      2.0078577E-03
   10.65000      1.8680731E-03
   10.66000      1.7032094E-03
   10.67000      1.5194382E-03
   10.68000      1.3246577E-03
   10.69000      1.1253268E-03
   10.70000      9.2861062E-04
   10.71000      7.4096560E-04
   10.72000      5.6742341E-04
   10.73000      4.1328836E-04
   10.74000      2.8163206E-04
   10.75000      1.7535187E-04
   10.76000      9.5621777E-05
   10.77000      4.2772779E-05
   10.78000      1.5999247E-05
   10.79000      1.3660279E-05
   10.80000      3.3218435E-05
   10.81000      7.1430804E-05
   10.82000      1.2467125E-04
   10.83000      1.8895678E-04
   10.84000      2.5993038E-04
   10.85000      3.3370481E-04
   10.86000      4.0604637E-04
   10.87000      4.7352372E-04
   10.88000      5.3316873E-04
   10.89000      5.8220344E-04
   10.90000      6.1892741E-04
   10.91000      6.4204499E-04
   10.92000      6.5106252E-04
   10.93000      6.4606720E-04
   10.94000      6.2780571E-04
   10.95000      5.9751718E-04
   10.96000      5.5687223E-04
   10.97000      5.0800788E-04
   10.98000      4.5300095E-04
   10.99000      3.9447192E-04
   11.00000      3.3465438E-04
   11.01000      2.7579075E-04
   11.02000      2.2009677E-04
   11.03000      1.6905647E-04
   11.04000      1.2435639E-04
   11.05000      8.6821579E-05
   11.06000      5.7108053E-05
   11.07000      3.5441077E-05
   11.08000      2.1570198E-05
   11.09000      1.5013668E-05
   11.10000      1.4975163E-05
   11.11000      2.0489922E-05
   11.12000      3.0413546E-05
   11.13000      4.3649794E-05
   11.14000      5.9105740E-05
   11.15000      7.5832249E-05
   11.16000      9.3207229E-05
   11.17000      1.1072599E-04
   11.18000      1.2840147E-04
   11.19000      1.4645878E-04
   11.20000      1.6558320E-04
   11.21000      1.8679058E-04
   11.22000      2.1143661E-04
   11.23000      2.4106419E-04
   11.24000      2.7756291E-04
   11.25000      3.2275254E-04
   11.26000      3.7856415E-04
   11.27000      4.4693443E-04
   11.28000      5.2918028E-04
   11.29000      6.2690343E-04
   11.30000      7.4069924E-04
   11.31000      8.7109226E-04
   11.32000      1.0179627E-03
   11.33000      1.1802713E-03
   11.34000      1.3563768E-03
   11.35000      1.5453122E-03
   11.36000      1.7433190E-03
   11.37000      1.9477820E-03
   11.38000      2.1542015E-03
   11.39000      2.3585721E-03
   11.40000      2.5565415E-03
   11.41000      2.7432612E-03
   11.42000      2.9143272E-03
   11.43000      3.0652808E-03
   11.44000      3.1916164E-03
   11.45000      3.2901107E-03
   11.46000      3.3570766E-03
   11.47000      3.3904049E-03
   11.48000      3.3882763E-03
   11.49000      3.3499659E-03
   11.50000      3.2754035E-03
   11.51000      3.1661559E-03
   11.52000      3.0240251E-03
   11.53000      2.8522322E-03
   11.54000      2.6549844E-03
   11.55000      2.4362337E-03
   11.56000      2.2021313E-03
   11.57000      1.9579753E-03
   11.58000      1.7096918E-03
   11.59000      1.4637798E-03
   11.60000      1.2258881E-03
   11.61000      1.0020094E-03
   11.62000      7.9780456E-04
   11.63000      6.1732816E-04
   11.64000      4.6536012E-04
   11.65000      3.4451130E-04
   11.66000      2.5707981E-04
   11.67000      2.0402389E-04
   11.68000      1.8511333E-04
   11.69000      1.9929494E-04
   11.70000      2.4436077E-04
   11.71000      3.1712549E-04
   11.72000      4.1362440E-04
   11.73000      5.2919344E-04
   11.74000      6.5876625E-04
   11.75000      7.9630339E-04
   11.76000      9.3659898E-04
   11.77000      1.0734027E-03
   11.78000      1.2013646E-03
   11.79000      1.3153969E-03
   11.80000      1.4106253E-03
   11.81000      1.4836146E-03
   11.82000      1.5311978E-03
   11.83000      1.5515132E-03
   11.84000      1.5436015E-03
   11.85000      1.5077093E-03
   11.86000      1.4450165E-03
   11.87000      1.3576251E-03
   11.88000      1.2489932E-03
   11.89000      1.1226666E-03
   11.90000      9.8352297E-04
   11.91000      8.3662424E-04
   11.92000      6.8721134E-04
   11.93000      5.4139498E-04
   11.94000      4.0402080E-04
   11.95000      2.8080307E-04
   11.96000      1.7607796E-04
   11.97000      9.3829985E-05
   11.98000      3.7428938E-05
   11.99000      8.9884543E-06
   12.00000      9.8128248E-06
   12.01000      4.0074301E-05
   12.02000      9.8973032E-05
   12.03000      1.8445292E-04
   12.04000      2.9349816E-04
   12.05000      4.2244417E-04
   12.06000      5.6608178E-04
   12.07000      7.1968971E-04
   12.08000      8.7689963E-04
   12.09000      1.0318796E-03
   12.10000      1.1788079E-03
   12.11000      1.3115198E-03
   12.12000      1.4251663E-03
   12.13000      1.5146032E-03
   12.14000      1.5761649E-03
   12.15000      1.6069736E-03
   12.16000      1.6052442E-03
   12.17000      1.5703915E-03
   12.18000      1.5031720E-03
   12.19000      1.4058825E-03
   12.20000      1.2816066E-03
   12.21000      1.1357031E-03
   12.22000      9.7320869E-04
   12.23000      8.0124242E-04
   12.24000      6.2716991E-04
   12.25000      4.5922611E-04
   12.26000      3.0568874E-04
   12.27000      1.7571347E-04
   12.28000      7.7244440E-05
   12.29000      1.8959214E-05
   12.30000      8.1704084E-06
   12.31000      5.1776700E-05
   12.32000      1.5505466E-04
   12.33000      3.2267743E-04
   12.34000      5.5699568E-04
   12.35000      8.5960317E-04
   12.36000      1.2298911E-03
   12.37000      1.6660256E-03
   12.38000      2.1637275E-03
   12.39000      2.7196424E-03
   12.40000      3.3241785E-03
   12.41000      3.9726887E-03
   12.42000      4.6527763E-03
   12.43000      5.3561046E-03
   12.44000      6.0722395E-03
   12.45000      6.7872526E-03
   12.46000      7.4923662E-03
   12.47000      8.1734452E-03
   12.48000      8.8199433E-03
   12.49000      9.4230277E-03
   12.50000      9.9705821E-03
   12.51000      1.0455251E-02
   12.52000      1.0869276E-02
   12.53000      1.1205388E-02
   12.54000      1.1459631E-02
   12.55000      1.1627896E-02
   12.56000      1.1708899E-02
   12.57000      1.1702240E-02
   12.58000      1.1609408E-02
   12.59000      1.1432879E-02
   12.60000      1.1177628E-02
   12.61000      1.0848901E-02
   12.62000      1.0453435E-02
   12.63000      9.9999560E-03
   12.64000      9.4949063E-03
   12.65000      8.9491252E-03
   12.66000      8.3709098E-03
   12.67000      7.7694193E-03
   12.68000      7.1545304E-03
   12.69000      6.5344181E-03
   12.70000      5.9182155E-03
   12.71000      5.3139143E-03
   12.72000      4.7270246E-03
   12.73000      4.1656774E-03
   12.74000      3.6348579E-03
   12.75000      3.1381918E-03
   12.76000      2.6806586E-03
   12.77000      2.2622892E-03
   12.78000      1.8863459E-03
   12.79000      1.5522015E-03
   12.80000      1.2600824E-03
   12.81000      1.0084515E-03
   12.82000      7.9594267E-04
   12.83000      6.1970245E-04
   12.84000      4.7770594E-04
   12.85000      3.6620526E-04
   12.86000      2.8224010E-04
   12.87000      2.2213950E-04
   12.88000      1.8232557E-04
   12.89000      1.5944759E-04
   12.90000      1.4998821E-04
   12.91000      1.5089448E-04
   12.92000      1.5921172E-04
   12.93000      1.7239350E-04
   12.94000      1.8817058E-04
   12.95000      2.0463039E-04
   12.96000      2.2025153E-04
   12.97000      2.3375744E-04
   12.98000      2.4433923E-04
   12.99000      2.5135162E-04
   13.00000      2.5450755E-04
   13.01000      2.5371506E-04
   13.02000      2.4914675E-04
   13.03000      2.4107612E-04
   13.04000      2.2990130E-04
   13.05000      2.1616537E-04
   13.06000      2.0035534E-04
   13.07000      1.8311905E-04
   13.08000      1.6497406E-04
   13.09000      1.4646548E-04
   13.10000      1.2813215E-04
   13.11000      1.1032808E-04
   13.12000      9.3500144E-05
   13.13000      7.7877150E-05
   13.14000      6.3691383E-05
   13.15000      5.1079183E-05
   13.16000      4.0087991E-05
   13.17000      3.0735522E-05
   13.18000      2.2966562E-05
   13.19000      1.6677357E-05
   13.20000      1.1755319E-05
   13.21000      8.0403297E-06
   13.22000      5.3748649E-06
   13.23000      3.5901164E-06
   13.24000      2.5150450E-06
   13.25000      1.9973563E-06
   13.26000      1.8873412E-06
   13.27000      2.0576774E-06
   13.28000      2.3970879E-06
   13.29000      2.8142001E-06
   13.30000      3.2377829E-06
   13.31000      3.6143615E-06
   13.32000      3.9082315E-06
   13.33000      4.0976593E-06
   13.34000      4.1733701E-06
   13.35000      4.1364433E-06
   13.36000      3.9957981E-06
   13.37000      3.7664549E-06
   13.38000      3.4658133E-06
   13.39000      3.1141526E-06
   13.40000      2.7326903E-06
   13.41000      2.3426596E-06
   13.42000      1.9618722E-06
   13.43000      1.6095121E-06
   13.44000      1.3005532E-06
   13.45000      1.0490337E-06
   13.46000      8.6653102E-07
   13.47000      7.6297198E-07
   13.48000      7.4637131E-07
   13.49000      8.2337840E-07
   13.50000      9.9918270E-07
   13.51000      1.2774987E-06
   13.52000      1.6607565E-06
   13.53000      2.1521032E-06
   13.54000      2.7500537E-06
   13.55000      3.4572893E-06
   13.56000      4.2720144E-06
   13.57000      5.1943916E-06
   13.58000      6.2283034E-06
   13.59000      7.3705846E-06
   13.60000      8.6304099E-06
   13.61000      1.0010282E-05
   13.62000      1.1519503E-05
   13.63000      1.3173571E-05
   13.64000      1.4984300E-05
   13.65000      1.6971293E-05
   13.66000      1.9161205E-05
   13.67000      2.1571141E-05
   13.68000      2.4239982E-05
   13.69000      2.7187558E-05
   13.70000      3.0444100E-05
   13.71000      3.4041175E-05
   13.72000      3.7986039E-05
   13.73000      4.2317166E-05
   13.74000      4.7023172E-05
   13.75000      5.2111795E-05
   13.76000      5.7556412E-05
   13.77000      6.3336971E-05
   13.78000      6.9403461E-05
   13.79000      7.5693111E-05
   13.80000      8.2101535E-05
   13.81000      8.8545850E-05
   13.82000      9.4881281E-05
   13.83000      1.0100014E-04
   13.84000      1.0675851E-04
   13.85000      1.1200819E-04
   13.86000      1.1658733E-04
   13.87000      1.2036529E-04
   13.88000      1.2317904E-04
   13.89000      1.2491949E-04
   13.90000      1.2547927E-04
   13.91000      1.2477502E-04
   13.92000      1.2276886E-04
   13.93000      1.1946021E-04
   13.94000      1.1486673E-04
   13.95000      1.0908637E-04
   13.96000      1.0222207E-04
   13.97000      9.4442592E-05
   13.98000      8.5941392E-05
   13.99000      7.6957767E-05
   14.00000      6.7716646E-05
   14.01000      5.8542584E-05
   14.02000      4.9671682E-05
   14.03000      4.1442814E-05
   14.04000      3.4112021E-05
   14.05000      2.7941291E-05
   14.06000      2.3183102E-05
   14.07000      2.0008232E-05
   14.08000      1.8576138E-05
   14.09000      1.8955523E-05
   14.10000      2.1185517E-05
   14.11000      2.5206597E-05
   14.12000      3.0927240E-05
   14.13000      3.8166792E-05
   14.14000      4.6680758E-05
   14.15000      5.6210771E-05
   14.16000      6.6380751E-05
   14.17000      7.6842109E-05
   14.18000      8.7198969E-05
   14.19000      9.7027398E-05
   14.20000      1.0595895E-04
   14.21000      1.1360204E-04
   14.22000      1.1962987E-04
   14.23000      1.2376859E-04
   14.24000      1.2580528E-04
   14.25000      1.2559579E-04
   14.26000      1.2310714E-04
   14.27000      1.1836742E-04
   14.28000      1.1150511E-04
   14.29000      1.0273854E-04
   14.30000      9.2366310E-05
   14.31000      8.0766564E-05
   14.32000      6.8392583E-05
   14.33000      5.5701079E-05
   14.34000      4.3237473E-05
   14.35000      3.1536270E-05
   14.36000      2.1094980E-05
   14.37000      1.2440195E-05
   14.38000      5.9645372E-06
   14.39000      2.0610682E-06
   14.40000      1.0038167E-06
   14.41000      2.9682967E-06
   14.42000      8.0288100E-06
   14.43000      1.6119653E-05
   14.44000      2.7100054E-05
   14.45000      4.0620045E-05
   14.46000      5.6314129E-05
   14.47000      7.3642361E-05
   14.48000      9.1984359E-05
   14.49000      1.1074502E-04
   14.50000      1.2911417E-04
   14.51000      1.4647182E-04
   14.52000      1.6205176E-04
   14.53000      1.7522647E-04
   14.54000      1.8540311E-04
   14.55000      1.9209119E-04
   14.56000      1.9491349E-04
   14.57000      1.9364667E-04
   14.58000      1.8822453E-04
   14.59000      1.7872495E-04
   14.60000      1.6546638E-04
   14.61000      1.4892242E-04
   14.62000      1.2968507E-04
   14.63000      1.0870365E-04
   14.64000      8.6816355E-05
   14.65000      6.5059292E-05
   14.66000      4.4693526E-05
   14.67000      2.6854555E-05
   14.68000      1.2891440E-05
   14.69000      3.9856982E-06
   14.70000      1.3603471E-06
   14.71000      6.0944039E-06
   14.72000      1.9180667E-05
   14.73000      4.1378400E-05
   14.74000      7.3281059E-05
   14.75000      1.1529076E-04
   14.76000      1.6746114E-04
   14.77000      2.2974084E-04
   14.78000      3.0173213E-04
   14.79000      3.8271659E-04
   14.80000      4.7195898E-04
   14.81000      5.6826504E-04
   14.82000      6.7027501E-04
   14.83000      7.7664701E-04
   14.84000      8.8540872E-04
   14.85000      9.9513028E-04
   14.86000      1.1037625E-03
   14.87000      1.2093785E-03
   14.88000      1.3103039E-03
   14.89000      1.4045164E-03
   14.90000      1.4905137E-03
   14.91000      1.5668473E-03
   14.92000      1.6320392E-03
   14.93000      1.6851007E-03
   14.94000      1.7251025E-03
   14.95000      1.7513452E-03
   14.96000      1.7635742E-03
   14.97000      1.7616682E-03
   14.98000      1.7458455E-03
   14.99000      1.7165701E-03
   15.00000      1.6745921E-03
   15.01000      1.6206831E-03
   15.02000      1.5563284E-03
   15.03000      1.4825084E-03
   15.04000      1.4008868E-03
   15.05000      1.3128438E-03
   15.06000      1.2198875E-03
   15.07000      1.1237409E-03
   15.08000      1.0259143E-03
   15.09000      9.2765817E-04
   15.10000      8.3081471E-04
   15.11000      7.3618564E-04
   15.12000      6.4537692E-04
   15.13000      5.5920973E-04
   15.14000      4.7835198E-04
   15.15000      4.0384597E-04
   15.16000      3.3586830E-04
   15.17000      2.7497267E-04
   15.18000      2.2115021E-04
   15.19000      1.7437873E-04
   15.20000      1.3457866E-04
   15.21000      1.0141671E-04
   15.22000      7.4499854E-05
   15.23000      5.3386582E-05
   15.24000      3.7468020E-05
   15.25000      2.6203259E-05
   15.26000      1.8942612E-05
   15.27000      1.5048040E-05
   15.28000      1.3900292E-05
   15.29000      1.4892523E-05
   15.30000      1.7459231E-05
   15.31000      2.1083908E-05
   15.32000      2.5317988E-05
   15.33000      2.9756371E-05
   15.34000      3.4088473E-05
   15.35000      3.8042104E-05
   15.36000      4.1424035E-05
   15.37000      4.4097316E-05
   15.38000      4.5982568E-05
   15.39000      4.7042093E-05
   15.40000      4.7288293E-05
   15.41000      4.6762620E-05
   15.42000      4.5538778E-05
   15.43000      4.3708769E-05
   15.44000      4.1383613E-05
   15.45000      3.8675546E-05
   15.46000      3.5683861E-05
   15.47000      3.2522305E-05
   15.48000      2.9283618E-05
   15.49000      2.6069696E-05
   15.50000      2.2941193E-05
   15.51000      1.9970968E-05
   15.52000      1.7202219E-05
   15.53000      1.4665188E-05
   15.54000      1.2388898E-05
   15.55000      1.0373025E-05
   15.56000      8.6223308E-06
   15.57000      7.1246673E-06
   15.58000      5.8639207E-06
   15.59000      4.8219736E-06
   15.60000      3.9751494E-06
   15.61000      3.2982196E-06
   15.62000      2.7710614E-06
   15.63000      2.3670673E-06
   15.64000      2.0687473E-06
   15.65000      1.8557813E-06
   15.66000      1.7114074E-06
   15.67000      1.6207105E-06
   15.68000      1.5715461E-06
   15.69000      1.5535528E-06
   15.70000      1.5569187E-06
   15.71000      1.5738157E-06
   15.72000      1.5984168E-06
   15.73000      1.6240512E-06
   15.74000      1.6462177E-06
   15.75000      1.6588594E-06
   15.76000      1.6592746E-06
   15.77000      1.6425261E-06
   15.78000      1.6074476E-06
   15.79000      1.5521141E-06
   15.80000      1.4753634E-06
   15.81000      1.3792751E-06
   15.82000      1.2653018E-06
   15.83000      1.1389626E-06
   15.84000      1.0045229E-06
   15.85000      8.6898712E-07
   15.86000      7.4137557E-07
   15.87000      6.3132967E-07
   15.88000      5.4905877E-07
   15.89000      5.0477365E-07
   15.90000      5.1020191E-07
   15.91000      5.7532731E-07
   15.92000      7.1174730E-07
   15.93000      9.2777674E-07
   15.94000      1.2336554E-06
   15.95000      1.6362063E-06
   15.96000      2.1409223E-06
   15.97000      2.7535793E-06
   15.98000      3.4773277E-06
   15.99000      4.3154632E-06
   16.00000      5.2700934E-06
