-4.3035992832 -3.0250217117 2.0631000000
-4.3035992832 -2.8615070245 2.1861000000
-4.3035992832 -2.6979923374 2.2980000000
-4.3035992832 -2.5344776503 2.3965500000
-4.3035992832 -2.3709629632 2.4797200000
-4.3035992832 -2.2074482761 2.5457800000
-4.3035992832 -2.0439335890 2.5933600000
-4.3035992832 -1.8804189018 2.6215100000
-4.3035992832 -1.7169042147 2.6296900000
-4.3035992832 -1.5533895276 2.6178100000
-4.3035992832 -1.3898748405 2.5862300000
-4.3035992832 -1.2263601534 2.5357200000
-4.3035992832 -1.0628454663 2.4674600000
-4.3035992832 -0.8993307791 2.3829800000
-4.3035992832 -0.7358160920 2.2841000000
-4.3035992832 -0.5723014049 2.1728700000
-4.3035992832 -0.4087867178 2.0515300000
-4.1034318747 -3.6790804601 2.1301500000
-4.1034318747 -3.5155657730 2.3386100000
-4.1034318747 -3.3520510859 2.5468300000
-4.1034318747 -3.1885363988 2.7511000000
-4.1034318747 -3.0250217117 2.9475400000
-4.1034318747 -2.8615070245 3.1322100000
-4.1034318747 -2.6979923374 3.3012200000
-4.1034318747 -2.5344776503 3.4508800000
-4.1034318747 -2.3709629632 3.5778300000
-4.1034318747 -2.2074482761 3.6791000000
-4.1034318747 -2.0439335890 3.7523200000
-4.1034318747 -1.8804189018 3.7956900000
-4.1034318747 -1.7169042147 3.8081300000
-4.1034318747 -1.5533895276 3.7892900000
-4.1034318747 -1.3898748405 3.7395600000
-4.1034318747 -1.2263601534 3.6600600000
-4.1034318747 -1.0628454663 3.5526100000
-4.1034318747 -0.8993307791 3.4196500000
-4.1034318747 -0.7358160920 3.2641500000
-4.1034318747 -0.5723014049 3.0895300000
-4.1034318747 -0.4087867178 2.8995100000
-4.1034318747 -0.2452720307 2.6980200000
-4.1034318747 -0.0817573436 2.4890300000
-4.1034318747 0.0817573436 2.2764500000
-4.1034318747 0.2452720307 2.0640300000
-3.9032644662 -4.0061098344 2.1625100000
-3.9032644662 -3.8425951472 2.4178800000
-3.9032644662 -3.6790804601 2.6828300000
-3.9032644662 -3.5155657730 2.9534600000
-3.9032644662 -3.3520510859 3.2253700000
-3.9032644662 -3.1885363988 3.4936400000
-3.9032644662 -3.0250217117 3.7530800000
-3.9032644662 -2.8615070245 3.9983100000
-3.9032644662 -2.6979923374 4.2239500000
-3.9032644662 -2.5344776503 4.4248300000
-3.9032644662 -2.3709629632 4.5961500000
-3.9032644662 -2.2074482761 4.7336400000
-3.9032644662 -2.0439335890 4.8337600000
-3.9032644662 -1.8804189018 4.8937900000
-3.9032644662 -1.7169042147 4.9120000000
-3.9032644662 -1.5533895276 4.8876500000
-3.9032644662 -1.3898748405 4.8211100000
-3.9032644662 -1.2263601534 4.7137600000
-3.9032644662 -1.0628454663 4.5680400000
-3.9032644662 -0.8993307791 4.3873000000
-3.9032644662 -0.7358160920 4.1756800000
-3.9032644662 -0.5723014049 3.9380200000
-3.9032644662 -0.4087867178 3.6796100000
-3.9032644662 -0.2452720307 3.4060800000
-3.9032644662 -0.0817573436 3.1231500000
-3.9032644662 0.0817573436 2.8364600000
-3.9032644662 0.2452720307 2.5513900000
-3.9032644662 0.4087867178 2.2729100000
-3.9032644662 0.5723014049 2.0054200000
-3.7030970576 -4.1696245215 2.1974700000
-3.7030970576 -4.0061098344 2.4794300000
-3.7030970576 -3.8425951472 2.7778500000
-3.7030970576 -3.6790804601 3.0890800000
-3.7030970576 -3.5155657730 3.4086700000
-3.7030970576 -3.3520510859 3.7314100000
-3.7030970576 -3.1885363988 4.0514600000
-3.7030970576 -3.0250217117 4.3625000000
-3.7030970576 -2.8615070245 4.6579600000
-3.7030970576 -2.6979923374 4.9311800000
-3.7030970576 -2.5344776503 5.1756400000
-3.7030970576 -2.3709629632 5.3852600000
-3.7030970576 -2.2074482761 5.5545600000
-3.7030970576 -2.0439335890 5.6788900000
-3.7030970576 -1.8804189018 5.7546400000
-3.7030970576 -1.7169042147 5.7793800000
-3.7030970576 -1.5533895276 5.7519800000
-3.7030970576 -1.3898748405 5.6726500000
-3.7030970576 -1.2263601534 5.5429700000
-3.7030970576 -1.0628454663 5.3658400000
-3.7030970576 -0.8993307791 5.1453700000
-3.7030970576 -0.7358160920 4.8867400000
-3.7030970576 -0.5723014049 4.5960300000
-3.7030970576 -0.4087867178 4.2799600000
-3.7030970576 -0.2452720307 3.9456900000
-3.7030970576 -0.0817573436 3.6005400000
-3.7030970576 0.0817573436 3.2517600000
-3.7030970576 0.2452720307 2.9062300000
-3.7030970576 0.4087867178 2.5703200000
-3.7030970576 0.5723014049 2.2496500000
-3.5029296491 -4.3331392086 2.0537900000
-3.5029296491 -4.1696245215 2.3343800000
-3.5029296491 -4.0061098344 2.6369300000
-3.5029296491 -3.8425951472 2.9586700000
-3.5029296491 -3.6790804601 3.2958200000
-3.5029296491 -3.5155657730 3.6436400000
-3.5029296491 -3.3520510859 3.9965000000
-3.5029296491 -3.1885363988 4.3480000000
-3.5029296491 -3.0250217117 4.6911500000
-3.5029296491 -2.8615070245 5.0185600000
-3.5029296491 -2.6979923374 5.3226900000
-3.5029296491 -2.5344776503 5.5961000000
-3.5029296491 -2.3709629632 5.8317400000
-3.5029296491 -2.2074482761 6.0232100000
-3.5029296491 -2.0439335890 6.1650300000
-3.5029296491 -1.8804189018 6.2528500000
-3.5029296491 -1.7169042147 6.2836500000
-3.5029296491 -1.5533895276 6.2559200000
-3.5029296491 -1.3898748405 6.1696700000
-3.5029296491 -1.2263601534 6.0265300000
-3.5029296491 -1.0628454663 5.8296700000
-3.5029296491 -0.8993307791 5.5837100000
-3.5029296491 -0.7358160920 5.2945300000
-3.5029296491 -0.5723014049 4.9691000000
-3.5029296491 -0.4087867178 4.6152000000
-3.5029296491 -0.2452720307 4.2411300000
-3.5029296491 -0.0817573436 3.8554000000
-3.5029296491 0.0817573436 3.4664400000
-3.5029296491 0.2452720307 3.0823200000
-3.5029296491 0.4087867178 2.7104400000
-3.5029296491 0.5723014049 2.3573500000
-3.5029296491 0.7358160920 2.0285000000
-3.3027622406 -4.3331392086 2.0422700000
-3.3027622406 -4.1696245215 2.3210000000
-3.3027622406 -4.0061098344 2.6227800000
-3.3027622406 -3.8425951472 2.9450200000
-3.3027622406 -3.6790804601 3.2841000000
-3.3027622406 -3.5155657730 3.6353400000
-3.3027622406 -3.3520510859 3.9931000000
-3.3027622406 -3.1885363988 4.3509000000
-3.3027622406 -3.0250217117 4.7015600000
-3.3027622406 -2.8615070245 5.0374400000
-3.3027622406 -2.6979923374 5.3506500000
-3.3027622406 -2.5344776503 5.6333800000
-3.3027622406 -2.3709629632 5.8781400000
-3.3027622406 -2.2074482761 6.0780800000
-3.3027622406 -2.0439335890 6.2272600000
-3.3027622406 -1.8804189018 6.3209300000
-3.3027622406 -1.7169042147 6.3557100000
-3.3027622406 -1.5533895276 6.3297900000
-3.3027622406 -1.3898748405 6.2430100000
-3.3027622406 -1.2263601534 6.0969300000
-3.3027622406 -1.0628454663 5.8947500000
-3.3027622406 -0.8993307791 5.6412600000
-3.3027622406 -0.7358160920 5.3426600000
-3.3027622406 -0.5723014049 5.0062900000
-3.3027622406 -0.4087867178 4.6404200000
-3.3027622406 -0.2452720307 4.2539100000
-3.3027622406 -0.0817573436 3.8558600000
-3.3027622406 0.0817573436 3.4553100000
-3.3027622406 0.2452720307 3.0609000000
-3.3027622406 0.4087867178 2.6805800000
-3.3027622406 0.5723014049 2.3213200000
-3.1025948321 -4.1696245215 2.1714200000
-3.1025948321 -4.0061098344 2.4520500000
-3.1025948321 -3.8425951472 2.7527000000
-3.1025948321 -3.6790804601 3.0701000000
-3.1025948321 -3.5155657730 3.3999600000
-3.1025948321 -3.3520510859 3.7370200000
-3.1025948321 -3.1885363988 4.0751700000
-3.1025948321 -3.0250217117 4.4075800000
-3.1025948321 -2.8615070245 4.7269300000
-3.1025948321 -2.6979923374 5.0256200000
-3.1025948321 -2.5344776503 5.2960400000
-3.1025948321 -2.3709629632 5.5308900000
-3.1025948321 -2.2074482761 5.7234300000
-3.1025948321 -2.0439335890 5.8677800000
-3.1025948321 -1.8804189018 5.9591900000
-3.1025948321 -1.7169042147 5.9942500000
-3.1025948321 -1.5533895276 5.9710500000
-3.1025948321 -1.3898748405 5.8893300000
-3.1025948321 -1.2263601534 5.7504800000
-3.1025948321 -1.0628454663 5.5575600000
-3.1025948321 -0.8993307791 5.3152100000
-3.1025948321 -0.7358160920 5.0294300000
-3.1025948321 -0.5723014049 4.7074300000
-3.1025948321 -0.4087867178 4.3573200000
-3.1025948321 -0.2452720307 3.9878200000
-3.1025948321 -0.0817573436 3.6079200000
-3.1025948321 0.0817573436 3.2265400000
-3.1025948321 0.2452720307 2.8522100000
-3.1025948321 0.4087867178 2.4927600000
-3.1025948321 0.5723014049 2.1550600000
-2.9024274236 -4.0061098344 2.1614100000
-2.9024274236 -3.8425951472 2.4224800000
-2.9024274236 -3.6790804601 2.6986500000
-2.9024274236 -3.5155657730 2.9862000000
-2.9024274236 -3.3520510859 3.2805800000
-2.9024274236 -3.1885363988 3.5764200000
-2.9024274236 -3.0250217117 3.8677100000
-2.9024274236 -2.8615070245 4.1479600000
-2.9024274236 -2.6979923374 4.4104100000
-2.9024274236 -2.5344776503 4.6482800000
-2.9024274236 -2.3709629632 4.8550300000
-2.9024274236 -2.2074482761 5.0246200000
-2.9024274236 -2.0439335890 5.1517600000
-2.9024274236 -1.8804189018 5.2321500000
-2.9024274236 -1.7169042147 5.2627000000
-2.9024274236 -1.5533895276 5.2417000000
-2.9024274236 -1.3898748405 5.1688600000
-2.9024274236 -1.2263601534 5.0454500000
-2.9024274236 -1.0628454663 4.8742100000
-2.9024274236 -0.8993307791 4.6593300000
-2.9024274236 -0.7358160920 4.4062400000
-2.9024274236 -0.5723014049 4.1214700000
-2.9024274236 -0.4087867178 3.8123700000
-2.9024274236 -0.2452720307 3.4868300000
-2.9024274236 -0.0817573436 3.1530100000
-2.9024274236 0.0817573436 2.8189800000
-2.9024274236 0.2452720307 2.4924500000
-2.9024274236 0.4087867178 2.1804900000
-2.7022600150 -3.8425951472 2.0095200000
-2.7022600150 -3.6790804601 2.2315500000
-2.7022600150 -3.5155657730 2.4626400000
-2.7022600150 -3.3520510859 2.6990700000
-2.7022600150 -3.1885363988 2.9365100000
-2.7022600150 -3.0250217117 3.1700600000
-2.7022600150 -2.8615070245 3.3944600000
-2.7022600150 -2.6979923374 3.6042300000
-2.7022600150 -2.5344776503 3.7939000000
-2.7022600150 -2.3709629632 3.9581600000
-2.7022600150 -2.2074482761 4.0921700000
-2.7022600150 -2.0439335890 4.1916800000
-2.7022600150 -1.8804189018 4.2532800000
-2.7022600150 -1.7169042147 4.2745600000
-2.7022600150 -1.5533895276 4.2542200000
-2.7022600150 -1.3898748405 4.1921500000
-2.7022600150 -1.2263601534 4.0895000000
-2.7022600150 -1.0628454663 3.9486500000
-2.7022600150 -0.8993307791 3.7731100000
-2.7022600150 -0.7358160920 3.5674500000
-2.7022600150 -0.5723014049 3.3370900000
-2.7022600150 -0.4087867178 3.0881100000
-2.7022600150 -0.2452720307 2.8270400000
-2.7022600150 -0.0817573436 2.5605700000
-2.7022600150 0.0817573436 2.2953200000
-2.7022600150 0.2452720307 2.0375500000
-2.5020926065 -3.3520510859 2.0742500000
-2.5020926065 -3.1885363988 2.2456400000
-2.5020926065 -3.0250217117 2.4132100000
-2.5020926065 -2.8615070245 2.5731300000
-2.5020926065 -2.6979923374 2.7214600000
-2.5020926065 -2.5344776503 2.8542800000
-2.5020926065 -2.3709629632 2.9679000000
-2.5020926065 -2.2074482761 3.0589400000
-2.5020926065 -2.0439335890 3.1245400000
-2.5020926065 -1.8804189018 3.1624500000
-2.5020926065 -1.7169042147 3.1711900000
-2.5020926065 -1.5533895276 3.1500800000
-2.5020926065 -1.3898748405 3.0993200000
-2.5020926065 -1.2263601534 3.0200200000
-2.5020926065 -1.0628454663 2.9141200000
-2.5020926065 -0.8993307791 2.7844000000
-2.5020926065 -0.7358160920 2.6343500000
-2.5020926065 -0.5723014049 2.4680400000
-2.5020926065 -0.4087867178 2.2899600000
-2.5020926065 -0.2452720307 2.1048800000
-2.3019251980 -2.3709629632 2.0085500000
-2.3019251980 -2.2074482761 2.0561300000
-2.3019251980 -2.0439335890 2.0873700000
-2.3019251980 -1.8804189018 2.1012800000
-2.3019251980 -1.7169042147 2.0973900000
-2.3019251980 -1.5533895276 2.0757000000
-2.3019251980 -1.3898748405 2.0367900000
-1.1009207469 -0.5723014049 2.0836400000
-1.1009207469 -0.4087867178 2.2055100000
-1.1009207469 -0.2452720307 2.2990500000
-1.1009207469 -0.0817573436 2.3623000000
-1.1009207469 0.0817573436 2.3944100000
-1.1009207469 0.2452720307 2.3956600000
-1.1009207469 0.4087867178 2.3674100000
-1.1009207469 0.5723014049 2.3119300000
-1.1009207469 0.7358160920 2.2323000000
-1.1009207469 0.8993307791 2.1322000000
-1.1009207469 1.0628454663 2.0157200000
-0.9007533383 -1.3898748405 2.0209600000
-0.9007533383 -1.2263601534 2.3023500000
-0.9007533383 -1.0628454663 2.5683600000
-0.9007533383 -0.8993307791 2.8107900000
-0.9007533383 -0.7358160920 3.0222700000
-0.9007533383 -0.5723014049 3.1966400000
-0.9007533383 -0.4087867178 3.3291700000
-0.9007533383 -0.2452720307 3.4167600000
-0.9007533383 -0.0817573436 3.4580200000
-0.9007533383 0.0817573436 3.4533100000
-0.9007533383 0.2452720307 3.4045700000
-0.9007533383 0.4087867178 3.3152200000
-0.9007533383 0.5723014049 3.1899200000
-0.9007533383 0.7358160920 3.0342500000
-0.9007533383 0.8993307791 2.8544100000
-0.9007533383 1.0628454663 2.6569700000
-0.9007533383 1.2263601534 2.4484500000
-0.9007533383 1.3898748405 2.2351500000
-0.9007533383 1.5533895276 2.0228400000
-0.7005859298 -1.7169042147 2.2025100000
-0.7005859298 -1.5533895276 2.5904400000
-0.7005859298 -1.3898748405 2.9746600000
-0.7005859298 -1.2263601534 3.3433400000
-0.7005859298 -1.0628454663 3.6849600000
-0.7005859298 -0.8993307791 3.9888800000
-0.7005859298 -0.7358160920 4.2458400000
-0.7005859298 -0.5723014049 4.4483700000
-0.7005859298 -0.4087867178 4.5911300000
-0.7005859298 -0.2452720307 4.6710700000
-0.7005859298 -0.0817573436 4.6875300000
-0.7005859298 0.0817573436 4.6421700000
-0.7005859298 0.2452720307 4.5387800000
-0.7005859298 0.4087867178 4.3830400000
-0.7005859298 0.5723014049 4.1821100000
-0.7005859298 0.7358160920 3.9442500000
-0.7005859298 0.8993307791 3.6783900000
-0.7005859298 1.0628454663 3.3936300000
-0.7005859298 1.2263601534 3.0989000000
-0.7005859298 1.3898748405 2.8025200000
-0.7005859298 1.5533895276 2.5119500000
-0.7005859298 1.7169042147 2.2335200000
-0.5004185213 -2.0439335890 2.0436200000
-0.5004185213 -1.8804189018 2.5077200000
-0.5004185213 -1.7169042147 2.9906200000
-0.5004185213 -1.5533895276 3.4784400000
-0.5004185213 -1.3898748405 3.9565000000
-0.5004185213 -1.2263601534 4.4100200000
-0.5004185213 -1.0628454663 4.8248400000
-0.5004185213 -0.8993307791 5.1880800000
-0.5004185213 -0.7358160920 5.4887400000
-0.5004185213 -0.5723014049 5.7182100000
-0.5004185213 -0.4087867178 5.8706400000
-0.5004185213 -0.2452720307 5.9430800000
-0.5004185213 -0.0817573436 5.9356100000
-0.5004185213 0.0817573436 5.8511500000
-0.5004185213 0.2452720307 5.6952500000
-0.5004185213 0.4087867178 5.4757000000
-0.5004185213 0.5723014049 5.2020400000
-0.5004185213 0.7358160920 4.8850200000
-0.5004185213 0.8993307791 4.5360800000
-0.5004185213 1.0628454663 4.1667400000
-0.5004185213 1.2263601534 3.7881000000
-0.5004185213 1.3898748405 3.4104200000
-0.5004185213 1.5533895276 3.0427100000
-0.5004185213 1.7169042147 2.6925200000
-0.5004185213 1.8804189018 2.3657100000
-0.5004185213 2.0439335890 2.0664800000
-0.3002511128 -2.2074482761 2.0933500000
-0.3002511128 -2.0439335890 2.6147800000
-0.3002511128 -1.8804189018 3.1689600000
-0.3002511128 -1.7169042147 3.7409700000
-0.3002511128 -1.5533895276 4.3143600000
-0.3002511128 -1.3898748405 4.8719600000
-0.3002511128 -1.2263601534 5.3966600000
-0.3002511128 -1.0628454663 5.8722400000
-0.3002511128 -0.8993307791 6.2841100000
-0.3002511128 -0.7358160920 6.6200200000
-0.3002511128 -0.5723014049 6.8705400000
-0.3002511128 -0.4087867178 7.0295200000
-0.3002511128 -0.2452720307 7.0942100000
-0.3002511128 -0.0817573436 7.0653500000
-0.3002511128 0.0817573436 6.9469500000
-0.3002511128 0.2452720307 6.7460000000
-0.3002511128 0.4087867178 6.4720000000
-0.3002511128 0.5723014049 6.1364000000
-0.3002511128 0.7358160920 5.7519400000
-0.3002511128 0.8993307791 5.3320400000
-0.3002511128 1.0628454663 4.8901300000
-0.3002511128 1.2263601534 4.4390500000
-0.3002511128 1.3898748405 3.9905900000
-0.3002511128 1.5533895276 3.5550300000
-0.3002511128 1.7169042147 3.1409100000
-0.3002511128 1.8804189018 2.7548000000
-0.3002511128 2.0439335890 2.4013200000
-0.3002511128 2.2074482761 2.0831700000
-0.1000837043 -2.3709629632 2.0053000000
-0.1000837043 -2.2074482761 2.5465700000
-0.1000837043 -2.0439335890 3.1340800000
-0.1000837043 -1.8804189018 3.7533900000
-0.1000837043 -1.7169042147 4.3878600000
-0.1000837043 -1.5533895276 5.0194500000
-0.1000837043 -1.3898748405 5.6294700000
-0.1000837043 -1.2263601534 6.1995100000
-0.1000837043 -1.0628454663 6.7122400000
-0.1000837043 -0.8993307791 7.1522600000
-0.1000837043 -0.7358160920 7.5067600000
-0.1000837043 -0.5723014049 7.7661000000
-0.1000837043 -0.4087867178 7.9241500000
-0.1000837043 -0.2452720307 7.9785000000
-0.1000837043 -0.0817573436 7.9304800000
-0.1000837043 0.0817573436 7.7848900000
-0.1000837043 0.2452720307 7.5497000000
-0.1000837043 0.4087867178 7.2355200000
-0.1000837043 0.5723014049 6.8549600000
-0.1000837043 0.7358160920 6.4219800000
-0.1000837043 0.8993307791 5.9511800000
-0.1000837043 1.0628454663 5.4571100000
-0.1000837043 1.2263601534 4.9536800000
-0.1000837043 1.3898748405 4.4535700000
-0.1000837043 1.5533895276 3.9678600000
-0.1000837043 1.7169042147 3.5056800000
-0.1000837043 1.8804189018 3.0741300000
-0.1000837043 2.0439335890 2.6781500000
-0.1000837043 2.2074482761 2.3206700000
-0.1000837043 2.3709629632 2.0027700000
0.1000837043 -2.3709629632 2.3663500000
0.1000837043 -2.2074482761 2.9441200000
0.1000837043 -2.0439335890 3.5647100000
0.1000837043 -1.8804189018 4.2129200000
0.1000837043 -1.7169042147 4.8715700000
0.1000837043 -1.5533895276 5.5222000000
0.1000837043 -1.3898748405 6.1459800000
0.1000837043 -1.2263601534 6.7244900000
0.1000837043 -1.0628454663 7.2405700000
0.1000837043 -0.8993307791 7.6791300000
0.1000837043 -0.7358160920 8.0277600000
0.1000837043 -0.5723014049 8.2773000000
0.1000837043 -0.4087867178 8.4221300000
0.1000837043 -0.2452720307 8.4603700000
0.1000837043 -0.0817573436 8.3938300000
0.1000837043 0.0817573436 8.2277800000
0.1000837043 0.2452720307 7.9706100000
0.1000837043 0.4087867178 7.6332600000
0.1000837043 0.5723014049 7.2286700000
0.1000837043 0.7358160920 6.7710300000
0.1000837043 0.8993307791 6.2751600000
0.1000837043 1.0628454663 5.7558000000
0.1000837043 1.2263601534 5.2269700000
0.1000837043 1.3898748405 4.7015300000
0.1000837043 1.5533895276 4.1906800000
0.1000837043 1.7169042147 3.7037200000
0.1000837043 1.8804189018 3.2478700000
0.1000837043 2.0439335890 2.8282700000
0.1000837043 2.2074482761 2.4480400000
0.1000837043 2.3709629632 2.1084300000
0.3002511128 -2.5344776503 2.1521400000
0.3002511128 -2.3709629632 2.6821300000
0.3002511128 -2.2074482761 3.2596500000
0.3002511128 -2.0439335890 3.8720700000
0.3002511128 -1.8804189018 4.5045400000
0.3002511128 -1.7169042147 5.1405900000
0.3002511128 -1.5533895276 5.7628800000
0.3002511128 -1.3898748405 6.3538500000
0.3002511128 -1.2263601534 6.8965900000
0.3002511128 -1.0628454663 7.3755100000
0.3002511128 -0.8993307791 7.7770400000
0.3002511128 -0.7358160920 8.0902200000
0.3002511128 -0.5723014049 8.3071100000
0.3002511128 -0.4087867178 8.4230900000
0.3002511128 -0.2452720307 8.4369900000
0.3002511128 -0.0817573436 8.3510100000
0.3002511128 0.0817573436 8.1705300000
0.3002511128 0.2452720307 7.9037300000
0.3002511128 0.4087867178 7.5611500000
0.3002511128 0.5723014049 7.1550600000
0.3002511128 0.7358160920 6.6989300000
0.3002511128 0.8993307791 6.2067400000
0.3002511128 1.0628454663 5.6923900000
0.3002511128 1.2263601534 5.1691300000
0.3002511128 1.3898748405 4.6491100000
0.3002511128 1.5533895276 4.1429900000
0.3002511128 1.7169042147 3.6596500000
0.3002511128 1.8804189018 3.2061000000
0.3002511128 2.0439335890 2.7873800000
0.3002511128 2.2074482761 2.4066800000
0.3002511128 2.3709629632 2.0654600000
0.5004185213 -2.5344776503 2.4286700000
0.5004185213 -2.3709629632 2.9297700000
0.5004185213 -2.2074482761 3.4654300000
0.5004185213 -2.0439335890 4.0239900000
0.5004185213 -1.8804189018 4.5921900000
0.5004185213 -1.7169042147 5.1557100000
0.5004185213 -1.5533895276 5.6997000000
0.5004185213 -1.3898748405 6.2094400000
0.5004185213 -1.2263601534 6.6709000000
0.5004185213 -1.0628454663 7.0713800000
0.5004185213 -0.8993307791 7.3999600000
0.5004185213 -0.7358160920 7.6480200000
0.5004185213 -0.5723014049 7.8095100000
0.5004185213 -0.4087867178 7.8811800000
0.5004185213 -0.2452720307 7.8626600000
0.5004185213 -0.0817573436 7.7563800000
0.5004185213 0.0817573436 7.5674200000
0.5004185213 0.2452720307 7.3031700000
0.5004185213 0.4087867178 6.9729500000
0.5004185213 0.5723014049 6.5875600000
0.5004185213 0.7358160920 6.1587600000
0.5004185213 0.8993307791 5.6987500000
0.5004185213 1.0628454663 5.2196700000
0.5004185213 1.2263601534 4.7331400000
0.5004185213 1.3898748405 4.2498700000
0.5004185213 1.5533895276 3.7793100000
0.5004185213 1.7169042147 3.3294400000
0.5004185213 1.8804189018 2.9066100000
0.5004185213 2.0439335890 2.5155400000
0.5004185213 2.2074482761 2.1593300000
0.7005859298 -2.6979923374 2.2408000000
0.7005859298 -2.5344776503 2.6481400000
0.7005859298 -2.3709629632 3.0818300000
0.7005859298 -2.2074482761 3.5334300000
0.7005859298 -2.0439335890 3.9933500000
0.7005859298 -1.8804189018 4.4511600000
0.7005859298 -1.7169042147 4.8959500000
0.7005859298 -1.5533895276 5.3167100000
0.7005859298 -1.3898748405 5.7027500000
0.7005859298 -1.2263601534 6.0441200000
0.7005859298 -1.0628454663 6.3319300000
0.7005859298 -0.8993307791 6.5587400000
0.7005859298 -0.7358160920 6.7188400000
0.7005859298 -0.5723014049 6.8083900000
0.7005859298 -0.4087867178 6.8256500000
0.7005859298 -0.2452720307 6.7709300000
0.7005859298 -0.0817573436 6.6466100000
0.7005859298 0.0817573436 6.4569700000
0.7005859298 0.2452720307 6.2080000000
0.7005859298 0.4087867178 5.9071500000
0.7005859298 0.5723014049 5.5629500000
0.7005859298 0.7358160920 5.1847100000
0.7005859298 0.8993307791 4.7821100000
0.7005859298 1.0628454663 4.3648500000
0.7005859298 1.2263601534 3.9422700000
0.7005859298 1.3898748405 3.5230900000
0.7005859298 1.5533895276 3.1151000000
0.7005859298 1.7169042147 2.7249900000
0.7005859298 1.8804189018 2.3582300000
0.7005859298 2.0439335890 2.0189800000
0.9007533383 -2.8615070245 2.1426800000
0.9007533383 -2.6979923374 2.4548500000
0.9007533383 -2.5344776503 2.7789400000
0.9007533383 -2.3709629632 3.1092000000
0.9007533383 -2.2074482761 3.4395000000
0.9007533383 -2.0439335890 3.7634000000
0.9007533383 -1.8804189018 4.0744000000
0.9007533383 -1.7169042147 4.3660200000
0.9007533383 -1.5533895276 4.6320400000
0.9007533383 -1.3898748405 4.8666200000
0.9007533383 -1.2263601534 5.0644800000
0.9007533383 -1.0628454663 5.2210400000
0.9007533383 -0.8993307791 5.3325500000
0.9007533383 -0.7358160920 5.3962500000
0.9007533383 -0.5723014049 5.4104200000
0.9007533383 -0.4087867178 5.3744800000
0.9007533383 -0.2452720307 5.2890400000
0.9007533383 -0.0817573436 5.1558900000
0.9007533383 0.0817573436 4.9779400000
0.9007533383 0.2452720307 4.7591900000
0.9007533383 0.4087867178 4.5045700000
0.9007533383 0.5723014049 4.2198100000
0.9007533383 0.7358160920 3.9112300000
0.9007533383 0.8993307791 3.5855400000
0.9007533383 1.0628454663 3.2496100000
0.9007533383 1.2263601534 2.9102400000
0.9007533383 1.3898748405 2.5739100000
0.9007533383 1.5533895276 2.2466300000
1.1009207469 -3.0250217117 2.1277300000
1.1009207469 -2.8615070245 2.3551200000
1.1009207469 -2.6979923374 2.5766500000
1.1009207469 -2.5344776503 2.7884800000
1.1009207469 -2.3709629632 2.9872700000
1.1009207469 -2.2074482761 3.1702200000
1.1009207469 -2.0439335890 3.3350300000
1.1009207469 -1.8804189018 3.4799100000
1.1009207469 -1.7169042147 3.6035000000
1.1009207469 -1.5533895276 3.7047600000
1.1009207469 -1.3898748405 3.7828800000
1.1009207469 -1.2263601534 3.8372400000
1.1009207469 -1.0628454663 3.8672900000
1.1009207469 -0.8993307791 3.8725400000
1.1009207469 -0.7358160920 3.8525800000
1.1009207469 -0.5723014049 3.8070800000
1.1009207469 -0.4087867178 3.7358600000
1.1009207469 -0.2452720307 3.6389900000
1.1009207469 -0.0817573436 3.5168800000
1.1009207469 0.0817573436 3.3703700000
1.1009207469 0.2452720307 3.2008000000
1.1009207469 0.4087867178 3.0100900000
1.1009207469 0.5723014049 2.8007700000
1.1009207469 0.7358160920 2.5759400000
1.1009207469 0.8993307791 2.3392200000
1.1009207469 1.0628454663 2.0946700000
1.3010881554 -3.1885363988 2.1682200000
1.3010881554 -3.0250217117 2.3271900000
1.3010881554 -2.8615070245 2.4622400000
1.3010881554 -2.6979923374 2.5706900000
1.3010881554 -2.5344776503 2.6513100000
1.3010881554 -2.3709629632 2.7042600000
1.3010881554 -2.2074482761 2.7310400000
1.3010881554 -2.0439335890 2.7341900000
1.3010881554 -1.8804189018 2.7170800000
1.3010881554 -1.7169042147 2.6835400000
1.3010881554 -1.5533895276 2.6375200000
1.3010881554 -1.3898748405 2.5827500000
1.3010881554 -1.2263601534 2.5224700000
1.3010881554 -1.0628454663 2.4591600000
1.3010881554 -0.8993307791 2.3944200000
1.3010881554 -0.7358160920 2.3289100000
1.3010881554 -0.5723014049 2.2623600000
1.3010881554 -0.4087867178 2.1936900000
1.3010881554 -0.2452720307 2.1212600000
1.3010881554 -0.0817573436 2.0430100000
1.5012555639 -3.5155657730 2.0835600000
1.5012555639 -3.3520510859 2.2270100000
1.5012555639 -3.1885363988 2.3347600000
1.5012555639 -3.0250217117 2.4026200000
1.5012555639 -2.8615070245 2.4285900000
1.5012555639 -2.6979923374 2.4130300000
1.5012555639 -2.5344776503 2.3585700000
1.5012555639 -2.3709629632 2.2699300000
1.5012555639 -2.2074482761 2.1535700000
1.5012555639 -2.0439335890 2.0172000000
1.7014229724 -3.6790804601 2.1481200000
1.7014229724 -3.5155657730 2.2674000000
1.7014229724 -3.3520510859 2.3387700000
1.7014229724 -3.1885363988 2.3577400000
1.7014229724 -3.0250217117 2.3228300000
1.7014229724 -2.8615070245 2.2356600000
1.7014229724 -2.6979923374 2.1009900000
1.9015903810 -4.0061098344 2.0057100000
1.9015903810 -3.8425951472 2.1568300000
1.9015903810 -3.6790804601 2.2595000000
1.9015903810 -3.5155657730 2.3059300000
1.9015903810 -3.3520510859 2.2914100000
1.9015903810 -3.1885363988 2.2148800000
1.9015903810 -3.0250217117 2.0791300000
1.9015903810 -0.0817573436 2.0645900000
1.9015903810 0.0817573436 2.4071600000
1.9015903810 0.2452720307 2.7191200000
1.9015903810 0.4087867178 2.9869400000
1.9015903810 0.5723014049 3.1998300000
1.9015903810 0.7358160920 3.3502000000
1.9015903810 0.8993307791 3.4339100000
1.9015903810 1.0628454663 3.4502400000
1.9015903810 1.2263601534 3.4017400000
1.9015903810 1.3898748405 3.2938000000
1.9015903810 1.5533895276 3.1341400000
1.9015903810 1.7169042147 2.9321500000
1.9015903810 1.8804189018 2.6981900000
1.9015903810 2.0439335890 2.4429700000
1.9015903810 2.2074482761 2.1768400000
2.1017577895 -4.0061098344 2.0928900000
2.1017577895 -3.8425951472 2.1835300000
2.1017577895 -3.6790804601 2.2133800000
2.1017577895 -3.5155657730 2.1776200000
2.1017577895 -3.3520510859 2.0755400000
2.1017577895 -0.5723014049 2.5365100000
2.1017577895 -0.4087867178 3.1608300000
2.1017577895 -0.2452720307 3.7909500000
2.1017577895 -0.0817573436 4.4026800000
2.1017577895 0.0817573436 4.9728700000
2.1017577895 0.2452720307 5.4806500000
2.1017577895 0.4087867178 5.9084000000
2.1017577895 0.5723014049 6.2425700000
2.1017577895 0.7358160920 6.4741500000
2.1017577895 0.8993307791 6.5988900000
2.1017577895 1.0628454663 6.6172500000
2.1017577895 1.2263601534 6.5340400000
2.1017577895 1.3898748405 6.3578400000
2.1017577895 1.5533895276 6.1002900000
2.1017577895 1.7169042147 5.7751800000
2.1017577895 1.8804189018 5.3976000000
2.1017577895 2.0439335890 4.9829900000
2.1017577895 2.2074482761 4.5463800000
2.1017577895 2.3709629632 4.1016300000
2.1017577895 2.5344776503 3.6609500000
2.1017577895 2.6979923374 3.2344500000
2.1017577895 2.8615070245 2.8300200000
2.1017577895 3.0250217117 2.4532700000
2.1017577895 3.1885363988 2.1076800000
2.3019251980 -4.0061098344 2.0313900000
2.3019251980 -3.8425951472 2.0506700000
2.3019251980 -3.6790804601 2.0032900000
2.3019251980 -1.0628454663 2.4665300000
2.3019251980 -0.8993307791 3.2991400000
2.3019251980 -0.7358160920 4.2065300000
2.3019251980 -0.5723014049 5.1601300000
2.3019251980 -0.4087867178 6.1287400000
2.3019251980 -0.2452720307 7.0801200000
2.3019251980 -0.0817573436 7.9825600000
2.3019251980 0.0817573436 8.8064700000
2.3019251980 0.2452720307 9.5257700000
2.3019251980 0.4087867178 10.1190700000
2.3019251980 0.5723014049 10.5704700000
2.3019251980 0.7358160920 10.8701400000
2.3019251980 0.8993307791 11.0144400000
2.3019251980 1.0628454663 11.0057500000
2.3019251980 1.2263601534 10.8519700000
2.3019251980 1.3898748405 10.5657200000
2.3019251980 1.5533895276 10.1634100000
2.3019251980 1.7169042147 9.6641400000
2.3019251980 1.8804189018 9.0885400000
2.3019251980 2.0439335890 8.4576800000
2.3019251980 2.2074482761 7.7920400000
2.3019251980 2.3709629632 7.1106400000
2.3019251980 2.5344776503 6.4303600000
2.3019251980 2.6979923374 5.7655000000
2.3019251980 2.8615070245 5.1275000000
2.3019251980 3.0250217117 4.5249100000
2.3019251980 3.1885363988 3.9635500000
2.3019251980 3.3520510859 3.4467600000
2.3019251980 3.5155657730 2.9758000000
2.3019251980 3.6790804601 2.5503000000
2.3019251980 3.8425951472 2.1687400000
2.5020926065 -1.3898748405 2.6646700000
2.5020926065 -1.2263601534 3.6756000000
2.5020926065 -1.0628454663 4.8180800000
2.5020926065 -0.8993307791 6.0641500000
2.5020926065 -0.7358160920 7.3802200000
2.5020926065 -0.5723014049 8.7286400000
2.5020926065 -0.4087867178 10.0694500000
2.5020926065 -0.2452720307 11.3622800000
2.5020926065 -0.0817573436 12.5682700000
2.5020926065 0.0817573436 13.6518100000
2.5020926065 0.2452720307 14.5821300000
2.5020926065 0.4087867178 15.3345800000
2.5020926065 0.5723014049 15.8915200000
2.5020926065 0.7358160920 16.2428200000
2.5020926065 0.8993307791 16.3859700000
2.5020926065 1.0628454663 16.3257600000
2.5020926065 1.2263601534 16.0736000000
2.5020926065 1.3898748405 15.6465700000
2.5020926065 1.5533895276 15.0662400000
2.5020926065 1.7169042147 14.3573500000
2.5020926065 1.8804189018 13.5464400000
2.5020926065 2.0439335890 12.6605200000
2.5020926065 2.2074482761 11.7258800000
2.5020926065 2.3709629632 10.7670400000
2.5020926065 2.5344776503 9.8059700000
2.5020926065 2.6979923374 8.8615100000
2.5020926065 2.8615070245 7.9490400000
2.5020926065 3.0250217117 7.0804500000
2.5020926065 3.1885363988 6.2642600000
2.5020926065 3.3520510859 5.5059200000
2.5020926065 3.5155657730 4.8082500000
2.5020926065 3.6790804601 4.1719400000
2.5020926065 3.8425951472 3.5960800000
2.5020926065 4.0061098344 3.0786300000
2.5020926065 4.1696245215 2.6169000000
2.5020926065 4.3331392086 2.2078300000
2.7022600150 -1.7169042147 2.4488600000
2.7022600150 -1.5533895276 3.5259200000
2.7022600150 -1.3898748405 4.7903200000
2.7022600150 -1.2263601534 6.2210800000
2.7022600150 -1.0628454663 7.7889300000
2.7022600150 -0.8993307791 9.4573800000
2.7022600150 -0.7358160920 11.1842700000
2.7022600150 -0.5723014049 12.9236000000
2.7022600150 -0.4087867178 14.6275600000
2.7022600150 -0.2452720307 16.2487000000
2.7022600150 -0.0817573436 17.7419900000
2.7022600150 0.0817573436 19.0668200000
2.7022600150 0.2452720307 20.1886400000
2.7022600150 0.4087867178 21.0803400000
2.7022600150 0.5723014049 21.7231600000
2.7022600150 0.7358160920 22.1071800000
2.7022600150 0.8993307791 22.2313000000
2.7022600150 1.0628454663 22.1028600000
2.7022600150 1.2263601534 21.7368000000
2.7022600150 1.3898748405 21.1545300000
2.7022600150 1.5533895276 20.3825700000
2.7022600150 1.7169042147 19.4510400000
2.7022600150 1.8804189018 18.3920900000
2.7022600150 2.0439335890 17.2384000000
2.7022600150 2.2074482761 16.0218500000
2.7022600150 2.3709629632 14.7722600000
2.7022600150 2.5344776503 13.5165600000
2.7022600150 2.6979923374 12.2780700000
2.7022600150 2.8615070245 11.0761600000
2.7022600150 3.0250217117 9.9261300000
2.7022600150 3.1885363988 8.8393500000
2.7022600150 3.3520510859 7.8235500000
2.7022600150 3.5155657730 6.8833200000
2.7022600150 3.6790804601 6.0205900000
2.7022600150 3.8425951472 5.2352500000
2.7022600150 4.0061098344 4.5256900000
2.7022600150 4.1696245215 3.8892500000
2.7022600150 4.3331392086 3.3226500000
2.7022600150 4.4966538957 2.8222900000
2.7022600150 4.6601685828 2.3844500000
2.7022600150 4.8236832699 2.0053600000
2.9024274236 -1.8804189018 2.9278000000
2.9024274236 -1.7169042147 4.1669100000
2.9024274236 -1.5533895276 5.6236400000
2.9024274236 -1.3898748405 7.2794800000
2.9024274236 -1.2263601534 9.1065000000
2.9024274236 -1.0628454663 11.0682100000
2.9024274236 -0.8993307791 13.1209300000
2.9024274236 -0.7358160920 15.2154400000
2.9024274236 -0.5723014049 17.2990900000
2.9024274236 -0.4087867178 19.3180200000
2.9024274236 -0.2452720307 21.2194200000
2.9024274236 -0.0817573436 22.9538000000
2.9024274236 0.0817573436 24.4769900000
2.9024274236 0.2452720307 25.7519600000
2.9024274236 0.4087867178 26.7501300000
2.9024274236 0.5723014049 27.4523100000
2.9024274236 0.7358160920 27.8491400000
2.9024274236 0.8993307791 27.9410400000
2.9024274236 1.0628454663 27.7376700000
2.9024274236 1.2263601534 27.2570700000
2.9024274236 1.3898748405 26.5243200000
2.9024274236 1.5533895276 25.5701000000
2.9024274236 1.7169042147 24.4290100000
2.9024274236 1.8804189018 23.1379100000
2.9024274236 2.0439335890 21.7342500000
2.9024274236 2.2074482761 20.2545800000
2.9024274236 2.3709629632 18.7332900000
2.9024274236 2.5344776503 17.2016000000
2.9024274236 2.6979923374 15.6867800000
2.9024274236 2.8615070245 14.2117800000
2.9024274236 3.0250217117 12.7950300000
2.9024274236 3.1885363988 11.4505800000
2.9024274236 3.3520510859 10.1884100000
2.9024274236 3.5155657730 9.0148700000
2.9024274236 3.6790804601 7.9332300000
2.9024274236 3.8425951472 6.9443100000
2.9024274236 4.0061098344 6.0470300000
2.9024274236 4.1696245215 5.2389200000
2.9024274236 4.3331392086 4.5166100000
2.9024274236 4.4966538957 3.8761100000
2.9024274236 4.6601685828 3.3130900000
2.9024274236 4.8236832699 2.8229900000
2.9024274236 4.9871979571 2.4010800000
2.9024274236 5.1507126442 2.0424900000
3.1025948321 -2.2074482761 2.1024700000
3.1025948321 -2.0439335890 3.1824900000
3.1025948321 -1.8804189018 4.5050900000
3.1025948321 -1.7169042147 6.0661600000
3.1025948321 -1.5533895276 7.8516600000
3.1025948321 -1.3898748405 9.8375900000
3.1025948321 -1.2263601534 11.9905300000
3.1025948321 -1.0628454663 14.2686300000
3.1025948321 -0.8993307791 16.6231000000
3.1025948321 -0.7358160920 19.0000400000
3.1025948321 -0.5723014049 21.3425900000
3.1025948321 -0.4087867178 23.5932500000
3.1025948321 -0.2452720307 25.6961800000
3.1025948321 -0.0817573436 27.5995400000
3.1025948321 0.0817573436 29.2574900000
3.1025948321 0.2452720307 30.6319600000
3.1025948321 0.4087867178 31.6939900000
3.1025948321 0.5723014049 32.4246600000
3.1025948321 0.7358160920 32.8154200000
3.1025948321 0.8993307791 32.8680400000
3.1025948321 1.0628454663 32.5940400000
3.1025948321 1.2263601534 32.0136700000
3.1025948321 1.3898748405 31.1546100000
3.1025948321 1.5533895276 30.0504000000
3.1025948321 1.7169042147 28.7387300000
3.1025948321 1.8804189018 27.2596700000
3.1025948321 2.0439335890 25.6539500000
3.1025948321 2.2074482761 23.9614400000
3.1025948321 2.3709629632 22.2197800000
3.1025948321 2.5344776503 20.4632900000
3.1025948321 2.6979923374 18.7222400000
3.1025948321 2.8615070245 17.0223000000
3.1025948321 3.0250217117 15.3844300000
3.1025948321 3.1885363988 13.8248900000
3.1025948321 3.3520510859 12.3555700000
3.1025948321 3.5155657730 10.9844000000
3.1025948321 3.6790804601 9.7159400000
3.1025948321 3.8425951472 8.5519300000
3.1025948321 4.0061098344 7.4919200000
3.1025948321 4.1696245215 6.5337900000
3.1025948321 4.3331392086 5.6741900000
3.1025948321 4.4966538957 4.9089500000
3.1025948321 4.6601685828 4.2333100000
3.1025948321 4.8236832699 3.6421300000
3.1025948321 4.9871979571 3.1299300000
3.1025948321 5.1507126442 2.6910000000
3.1025948321 5.3142273313 2.3193400000
3.1025948321 5.4777420184 2.0087300000
3.3027622406 -2.3709629632 2.1301700000
3.3027622406 -2.2074482761 3.2049900000
3.3027622406 -2.0439335890 4.5248800000
3.3027622406 -1.8804189018 6.0908900000
3.3027622406 -1.7169042147 7.8946300000
3.3027622406 -1.5533895276 9.9179600000
3.3027622406 -1.3898748405 12.1330700000
3.3027622406 -1.2263601534 14.5031400000
3.3027622406 -1.0628454663 16.9833900000
3.3027622406 -0.8993307791 19.5226200000
3.3027622406 -0.7358160920 22.0650800000
3.3027622406 -0.5723014049 24.5525600000
3.3027622406 -0.4087867178 26.9266800000
3.3027622406 -0.2452720307 29.1312300000
3.3027622406 -0.0817573436 31.1142800000
3.3027622406 0.0817573436 32.8302800000
3.3027622406 0.2452720307 34.2416700000
3.3027622406 0.4087867178 35.3202300000
3.3027622406 0.5723014049 36.0478400000
3.3027622406 0.7358160920 36.4169300000
3.3027622406 0.8993307791 36.4302900000
3.3027622406 1.0628454663 36.1005000000
3.3027622406 1.2263601534 35.4489500000
3.3027622406 1.3898748405 34.5045000000
3.3027622406 1.5533895276 33.3019400000
3.3027622406 1.7169042147 31.8802600000
3.3027622406 1.8804189018 30.2808900000
3.3027622406 2.0439335890 28.5460400000
3.3027622406 2.2074482761 26.7170700000
3.3027622406 2.3709629632 24.8331900000
3.3027622406 2.5344776503 22.9303600000
3.3027622406 2.6979923374 21.0404600000
3.3027622406 2.8615070245 19.1908000000
3.3027622406 3.0250217117 17.4038700000
3.3027622406 3.1885363988 15.6974500000
3.3027622406 3.3520510859 14.0847800000
3.3027622406 3.5155657730 12.5750100000
3.3027622406 3.6790804601 11.1737600000
3.3027622406 3.8425951472 9.8836000000
3.3027622406 4.0061098344 8.7047300000
3.3027622406 4.1696245215 7.6354400000
3.3027622406 4.3331392086 6.6726000000
3.3027622406 4.4966538957 5.8120500000
3.3027622406 4.6601685828 5.0488900000
3.3027622406 4.8236832699 4.3776400000
3.3027622406 4.9871979571 3.7924200000
3.3027622406 5.1507126442 3.2869800000
3.3027622406 5.3142273313 2.8547800000
3.3027622406 5.4777420184 2.4890100000
3.3027622406 5.6412567055 2.1826300000
3.5029296491 -2.5344776503 2.0221000000
3.5029296491 -2.3709629632 3.0260000000
3.5029296491 -2.2074482761 4.2632300000
3.5029296491 -2.0439335890 5.7395300000
3.5029296491 -1.8804189018 7.4523700000
3.5029296491 -1.7169042147 9.3903000000
3.5029296491 -1.5533895276 11.5327100000
3.5029296491 -1.3898748405 13.8500900000
3.5029296491 -1.2263601534 16.3046300000
3.5029296491 -1.0628454663 18.8513500000
3.5029296491 -0.8993307791 21.4394900000
3.5029296491 -0.7358160920 24.0143700000
3.5029296491 -0.5723014049 26.5193600000
3.5029296491 -0.4087867178 28.8979900000
3.5029296491 -0.2452720307 31.0961500000
3.5029296491 -0.0817573436 33.0641300000
3.5029296491 0.0817573436 34.7584800000
3.5029296491 0.2452720307 36.1435600000
3.5029296491 0.4087867178 37.1927700000
3.5029296491 0.5723014049 37.8893300000
3.5029296491 0.7358160920 38.2265700000
3.5029296491 0.8993307791 38.2078200000
3.5029296491 1.0628454663 37.8458600000
3.5029296491 1.2263601534 37.1619700000
3.5029296491 1.3898748405 36.1846600000
3.5029296491 1.5533895276 34.9482000000
3.5029296491 1.7169042147 33.4909900000
3.5029296491 1.8804189018 31.8538700000
3.5029296491 2.0439335890 30.0785000000
3.5029296491 2.2074482761 28.2058400000
3.5029296491 2.3709629632 26.2748500000
3.5029296491 2.5344776503 24.3214300000
3.5029296491 2.6979923374 22.3775800000
3.5029296491 2.8615070245 20.4709300000
3.5029296491 3.0250217117 18.6244600000
3.5029296491 3.1885363988 16.8565100000
3.5029296491 3.3520510859 15.1810200000
3.5029296491 3.5155657730 13.6078500000
3.5029296491 3.6790804601 12.1432900000
3.5029296491 3.8425951472 10.7906100000
3.5029296491 4.0061098344 9.5505400000
3.5029296491 4.1696245215 8.4218400000
3.5029296491 4.3331392086 7.4017500000
3.5029296491 4.4966538957 6.4863100000
3.5029296491 4.6601685828 5.6707300000
3.5029296491 4.8236832699 4.9495500000
3.5029296491 4.9871979571 4.3168300000
3.5029296491 5.1507126442 3.7662000000
3.5029296491 5.3142273313 3.2909800000
3.5029296491 5.4777420184 2.8842200000
3.5029296491 5.6412567055 2.5387800000
3.5029296491 5.8047713926 2.2474300000
3.5029296491 5.9682860798 2.0029600000
3.7030970576 -2.5344776503 2.6980400000
3.7030970576 -2.3709629632 3.7894000000
3.7030970576 -2.2074482761 5.0992300000
3.7030970576 -2.0439335890 6.6300600000
3.7030970576 -1.8804189018 8.3768800000
3.7030970576 -1.7169042147 10.3267100000
3.7030970576 -1.5533895276 12.4583900000
3.7030970576 -1.3898748405 14.7428500000
3.7030970576 -1.2263601534 17.1437500000
3.7030970576 -1.0628454663 19.6184300000
3.7030970576 -0.8993307791 22.1193100000
3.7030970576 -0.7358160920 24.5954300000
3.7030970576 -0.5723014049 26.9942900000
3.7030970576 -0.4087867178 29.2637800000
3.7030970576 -0.2452720307 31.3540500000
3.7030970576 -0.0817573436 33.2194400000
3.7030970576 0.0817573436 34.8201100000
3.7030970576 0.2452720307 36.1234400000
3.7030970576 0.4087867178 37.1051600000
3.7030970576 0.5723014049 37.7500200000
3.7030970576 0.7358160920 38.0521100000
3.7030970576 0.8993307791 38.0147600000
3.7030970576 1.0628454663 37.6500200000
3.7030970576 1.2263601534 36.9778400000
3.7030970576 1.3898748405 36.0249200000
3.7030970576 1.5533895276 34.8233600000
3.7030970576 1.7169042147 33.4091600000
3.7030970576 1.8804189018 31.8207300000
3.7030970576 2.0439335890 30.0973300000
3.7030970576 2.2074482761 28.2776800000
3.7030970576 2.3709629632 26.3987900000
3.7030970576 2.5344776503 24.4948700000
3.7030970576 2.6979923374 22.5966100000
3.7030970576 2.8615070245 20.7306800000
3.7030970576 3.0250217117 18.9194300000
3.7030970576 3.1885363988 17.1808800000
3.7030970576 3.3520510859 15.5289100000
3.7030970576 3.5155657730 13.9735200000
3.7030970576 3.6790804601 12.5213200000
3.7030970576 3.8425951472 11.1759200000
3.7030970576 4.0061098344 9.9385200000
3.7030970576 4.1696245215 8.8083300000
3.7030970576 4.3331392086 7.7829800000
3.7030970576 4.4966538957 6.8589400000
3.7030970576 4.6601685828 6.0317500000
3.7030970576 4.8236832699 5.2962700000
3.7030970576 4.9871979571 4.6468400000
3.7030970576 5.1507126442 4.0773800000
3.7030970576 5.3142273313 3.5814900000
3.7030970576 5.4777420184 3.1525300000
3.7030970576 5.6412567055 2.7836900000
3.7030970576 5.8047713926 2.4681200000
3.7030970576 5.9682860798 2.1990200000
3.9032644662 -2.6979923374 2.2809800000
3.9032644662 -2.5344776503 3.1857000000
3.9032644662 -2.3709629632 4.2779600000
3.9032644662 -2.2074482761 5.5639500000
3.9032644662 -2.0439335890 7.0440600000
3.9032644662 -1.8804189018 8.7121800000
3.9032644662 -1.7169042147 10.5553500000
3.9032644662 -1.5533895276 12.5536700000
3.9032644662 -1.3898748405 14.6805200000
3.9032644662 -1.2263601534 16.9030800000
3.9032644662 -1.0628454663 19.1832100000
3.9032644662 -0.8993307791 21.4786000000
3.9032644662 -0.7358160920 23.7441000000
3.9032644662 -0.5723014049 25.9333100000
3.9032644662 -0.4087867178 28.0002000000
3.9032644662 -0.2452720307 29.9007600000
3.9032644662 -0.0817573436 31.5946600000
3.9032644662 0.0817573436 33.0466200000
3.9032644662 0.2452720307 34.2277400000
3.9032644662 0.4087867178 35.1164000000
3.9032644662 0.5723014049 35.6989200000
3.9032644662 0.7358160920 35.9698700000
3.9032644662 0.8993307791 35.9319900000
3.9032644662 1.0628454663 35.5957800000
3.9032644662 1.2263601534 34.9788100000
3.9032644662 1.3898748405 34.1047200000
3.9032644662 1.5533895276 33.0020700000
3.9032644662 1.7169042147 31.7030500000
3.9032644662 1.8804189018 30.2420900000
3.9032644662 2.0439335890 28.6545500000
3.9032644662 2.2074482761 26.9754800000
3.9032644662 2.3709629632 25.2384800000
3.9032644662 2.5344776503 23.4748000000
3.9032644662 2.6979923374 21.7126200000
3.9032644662 2.8615070245 19.9765500000
3.9032644662 3.0250217117 18.2874000000
3.9032644662 3.1885363988 16.6620800000
3.9032644662 3.3520510859 15.1137300000
3.9032644662 3.5155657730 13.6520000000
3.9032644662 3.6790804601 12.2833600000
3.9032644662 3.8425951472 11.0115700000
3.9032644662 4.0061098344 9.8380700000
3.9032644662 4.1696245215 8.7624400000
3.9032644662 4.3331392086 7.7827800000
3.9032644662 4.4966538957 6.8960300000
3.9032644662 4.6601685828 6.0982600000
3.9032644662 4.8236832699 5.3848800000
3.9032644662 4.9871979571 4.7507900000
3.9032644662 5.1507126442 4.1905100000
3.9032644662 5.3142273313 3.6983000000
3.9032644662 5.4777420184 3.2681700000
3.9032644662 5.6412567055 2.8940600000
3.9032644662 5.8047713926 2.5698400000
3.9032644662 5.9682860798 2.2894800000
3.9032644662 6.1318007669 2.0471600000
4.1034318747 -2.6979923374 2.5329100000
4.1034318747 -2.5344776503 3.3843600000
4.1034318747 -2.3709629632 4.3948200000
4.1034318747 -2.2074482761 5.5684500000
4.1034318747 -2.0439335890 6.9046600000
4.1034318747 -1.8804189018 8.3975700000
4.1034318747 -1.7169042147 10.0356900000
4.1034318747 -1.5533895276 11.8018700000
4.1034318747 -1.3898748405 13.6734400000
4.1034318747 -1.2263601534 15.6226300000
4.1034318747 -1.0628454663 17.6172700000
4.1034318747 -0.8993307791 19.6216900000
4.1034318747 -0.7358160920 21.5978200000
4.1034318747 -0.5723014049 23.5064700000
4.1034318747 -0.4087867178 25.3086500000
4.1034318747 -0.2452720307 26.9669700000
4.1034318747 -0.0817573436 28.4470000000
4.1034318747 0.0817573436 29.7184600000
4.1034318747 0.2452720307 30.7563000000
4.1034318747 0.4087867178 31.5415600000
4.1034318747 0.5723014049 32.0619500000
4.1034318747 0.7358160920 32.3121400000
4.1034318747 0.8993307791 32.2937600000
4.1034318747 1.0628454663 32.0150800000
4.1034318747 1.2263601534 31.4905400000
4.1034318747 1.3898748405 30.7398500000
4.1034318747 1.5533895276 29.7871200000
4.1034318747 1.7169042147 28.6597000000
4.1034318747 1.8804189018 27.3871200000
4.1034318747 2.0439335890 25.9998500000
4.1034318747 2.2074482761 24.5282700000
4.1034318747 2.3709629632 23.0017100000
4.1034318747 2.5344776503 21.4475900000
4.1034318747 2.6979923374 19.8907800000
4.1034318747 2.8615070245 18.3531400000
4.1034318747 3.0250217117 16.8532800000
4.1034318747 3.1885363988 15.4064500000
4.1034318747 3.3520510859 14.0245900000
4.1034318747 3.5155657730 12.7165700000
4.1034318747 3.6790804601 11.4884600000
4.1034318747 3.8425951472 10.3438700000
4.1034318747 4.0061098344 9.2843600000
4.1034318747 4.1696245215 8.3097800000
4.1034318747 4.3331392086 7.4186200000
4.1034318747 4.4966538957 6.6083500000
4.1034318747 4.6601685828 5.8756400000
4.1034318747 4.8236832699 5.2165500000
4.1034318747 4.9871979571 4.6267500000
4.1034318747 5.1507126442 4.1015500000
4.1034318747 5.3142273313 3.6360700000
4.1034318747 5.4777420184 3.2252600000
4.1034318747 5.6412567055 2.8640100000
4.1034318747 5.8047713926 2.5472000000
4.1034318747 5.9682860798 2.2698100000
4.1034318747 6.1318007669 2.0270000000
4.3035992832 -2.6979923374 2.5139900000
4.3035992832 -2.5344776503 3.2484600000
4.3035992832 -2.3709629632 4.1108300000
4.3035992832 -2.2074482761 5.1043200000
4.3035992832 -2.0439335890 6.2285000000
4.3035992832 -1.8804189018 7.4788000000
4.3035992832 -1.7169042147 8.8463000000
4.3035992832 -1.5533895276 10.3175700000
4.3035992832 -1.3898748405 11.8747900000
4.3035992832 -1.2263601534 13.4960200000
4.3035992832 -1.0628454663 15.1557200000
4.3035992832 -0.8993307791 16.8253400000
4.3035992832 -0.7358160920 18.4742900000
4.3035992832 -0.5723014049 20.0708100000
4.3035992832 -0.4087867178 21.5830700000
4.3035992832 -0.2452720307 22.9803100000
4.3035992832 -0.0817573436 24.2338800000
4.3035992832 0.0817573436 25.3182800000
4.3035992832 0.2452720307 26.2120900000
4.3035992832 0.4087867178 26.8986900000
4.3035992832 0.5723014049 27.3668000000
4.3035992832 0.7358160920 27.6107800000
4.3035992832 0.8993307791 27.6307400000
4.3035992832 1.0628454663 27.4323300000
4.3035992832 1.2263601534 27.0263800000
4.3035992832 1.3898748405 26.4282800000
4.3035992832 1.5533895276 25.6572500000
4.3035992832 1.7169042147 24.7354400000
4.3035992832 1.8804189018 23.6870400000
4.3035992832 2.0439335890 22.5372700000
4.3035992832 2.2074482761 21.3115300000
4.3035992832 2.3709629632 20.0345000000
4.3035992832 2.5344776503 18.7294600000
4.3035992832 2.6979923374 17.4176800000
4.3035992832 2.8615070245 16.1179900000
4.3035992832 3.0250217117 14.8465500000
4.3035992832 3.1885363988 13.6166700000
4.3035992832 3.3520510859 12.4389100000
4.3035992832 3.5155657730 11.3211600000
4.3035992832 3.6790804601 10.2688800000
4.3035992832 3.8425951472 9.2854000000
4.3035992832 4.0061098344 8.3722500000
4.3035992832 4.1696245215 7.5294400000
4.3035992832 4.3331392086 6.7558100000
4.3035992832 4.4966538957 6.0492800000
4.3035992832 4.6601685828 5.4071100000
4.3035992832 4.8236832699 4.8260400000
4.3035992832 4.9871979571 4.3025000000
4.3035992832 5.1507126442 3.8326800000
4.3035992832 5.3142273313 3.4126100000
4.3035992832 5.4777420184 3.0382700000
4.3035992832 5.6412567055 2.7056000000
4.3035992832 5.8047713926 2.4105800000
4.3035992832 5.9682860798 2.1492800000
4.5037666917 -2.6979923374 2.2239100000
4.5037666917 -2.5344776503 2.7993100000
4.5037666917 -2.3709629632 3.4730200000
4.5037666917 -2.2074482761 4.2482800000
4.5037666917 -2.0439335890 5.1256800000
4.5037666917 -1.8804189018 6.1027400000
4.5037666917 -1.7169042147 7.1736300000
4.5037666917 -1.5533895276 8.3290900000
4.5037666917 -1.3898748405 9.5563500000
4.5037666917 -1.2263601534 10.8393300000
4.5037666917 -1.0628454663 12.1589100000
4.5037666917 -0.8993307791 13.4934200000
4.5037666917 -0.7358160920 14.8192400000
4.5037666917 -0.5723014049 16.1114900000
4.5037666917 -0.4087867178 17.3448700000
4.5037666917 -0.2452720307 18.4945400000
4.5037666917 -0.0817573436 19.5369600000
4.5037666917 0.0817573436 20.4507700000
4.5037666917 0.2452720307 21.2175300000
4.5037666917 0.4087867178 21.8224100000
4.5037666917 0.5723014049 22.2546800000
4.5037666917 0.7358160920 22.5080700000
4.5037666917 0.8993307791 22.5808800000
4.5037666917 1.0628454663 22.4760000000
4.5037666917 1.2263601534 22.2005800000
4.5037666917 1.3898748405 21.7657100000
4.5037666917 1.5533895276 21.1858200000
4.5037666917 1.7169042147 20.4780100000
4.5037666917 1.8804189018 19.6613300000
4.5037666917 2.0439335890 18.7559800000
4.5037666917 2.2074482761 17.7825800000
4.5037666917 2.3709629632 16.7614200000
4.5037666917 2.5344776503 15.7118400000
4.5037666917 2.6979923374 14.6516900000
4.5037666917 2.8615070245 13.5969500000
4.5037666917 3.0250217117 12.5614200000
4.5037666917 3.1885363988 11.5566100000
4.5037666917 3.3520510859 10.5916900000
4.5037666917 3.5155657730 9.6735900000
4.5037666917 3.6790804601 8.8071600000
4.5037666917 3.8425951472 7.9954000000
4.5037666917 4.0061098344 7.2397400000
4.5037666917 4.1696245215 6.5402800000
4.5037666917 4.3331392086 5.8960900000
4.5037666917 4.4966538957 5.3054700000
4.5037666917 4.6601685828 4.7661500000
4.5037666917 4.8236832699 4.2754500000
4.5037666917 4.9871979571 3.8304900000
4.5037666917 5.1507126442 3.4282000000
4.5037666917 5.3142273313 3.0655000000
4.5037666917 5.4777420184 2.7392700000
4.5037666917 5.6412567055 2.4464400000
4.5037666917 5.8047713926 2.1840200000
4.7039341003 -2.5344776503 2.1223100000
4.7039341003 -2.3709629632 2.5971000000
4.7039341003 -2.2074482761 3.1493500000
4.7039341003 -2.0439335890 3.7811500000
4.7039341003 -1.8804189018 4.4923800000
4.7039341003 -1.7169042147 5.2804200000
4.7039341003 -1.5533895276 6.1399500000
4.7039341003 -1.3898748405 7.0628400000
4.7039341003 -1.2263601534 8.0382100000
4.7039341003 -1.0628454663 9.0525700000
4.7039341003 -0.8993307791 10.0900900000
4.7039341003 -0.7358160920 11.1330000000
4.7039341003 -0.5723014049 12.1621600000
4.7039341003 -0.4087867178 13.1575900000
4.7039341003 -0.2452720307 14.0992000000
4.7039341003 -0.0817573436 14.9674800000
4.7039341003 0.0817573436 15.7442200000
4.7039341003 0.2452720307 16.4131600000
4.7039341003 0.4087867178 16.9606200000
4.7039341003 0.5723014049 17.3759600000
4.7039341003 0.7358160920 17.6520100000
4.7039341003 0.8993307791 17.7852100000
4.7039341003 1.0628454663 17.7757600000
4.7039341003 1.2263601534 17.6274600000
4.7039341003 1.3898748405 17.3475000000
4.7039341003 1.5533895276 16.9460600000
4.7039341003 1.7169042147 16.4358200000
4.7039341003 1.8804189018 15.8313700000
4.7039341003 2.0439335890 15.1486000000
4.7039341003 2.2074482761 14.4040600000
4.7039341003 2.3709629632 13.6143200000
4.7039341003 2.5344776503 12.7954600000
4.7039341003 2.6979923374 11.9624900000
4.7039341003 2.8615070245 11.1290400000
4.7039341003 3.0250217117 10.3070200000
4.7039341003 3.1885363988 9.5064700000
4.7039341003 3.3520510859 8.7354800000
4.7039341003 3.5155657730 8.0002100000
4.7039341003 3.6790804601 7.3050500000
4.7039341003 3.8425951472 6.6527200000
4.7039341003 4.0061098344 6.0445500000
4.7039341003 4.1696245215 5.4806900000
4.7039341003 4.3331392086 4.9603700000
4.7039341003 4.4966538957 4.4821200000
4.7039341003 4.6601685828 4.0439900000
4.7039341003 4.8236832699 3.6437200000
4.7039341003 4.9871979571 3.2789000000
4.7039341003 5.1507126442 2.9470500000
4.7039341003 5.3142273313 2.6456900000
4.7039341003 5.4777420184 2.3724400000
4.7039341003 5.6412567055 2.1250000000
4.9041015088 -2.2074482761 2.0009100000
4.9041015088 -2.0439335890 2.4207700000
4.9041015088 -1.8804189018 2.9069100000
4.9041015088 -1.7169042147 3.4594600000
4.9041015088 -1.5533895276 4.0763800000
4.9041015088 -1.3898748405 4.7532700000
4.9041015088 -1.2263601534 5.4833100000
4.9041015088 -1.0628454663 6.2573200000
4.9041015088 -0.8993307791 7.0638600000
4.9041015088 -0.7358160920 7.8895400000
4.9041015088 -0.5723014049 8.7193800000
4.9041015088 -0.4087867178 9.5372400000
4.9041015088 -0.2452720307 10.3264000000
4.9041015088 -0.0817573436 11.0701000000
4.9041015088 0.0817573436 11.7522200000
4.9041015088 0.2452720307 12.3578100000
4.9041015088 0.4087867178 12.8737200000
4.9041015088 0.5723014049 13.2890600000
4.9041015088 0.7358160920 13.5956100000
4.9041015088 0.8993307791 13.7881100000
4.9041015088 1.0628454663 13.8644400000
4.9041015088 1.2263601534 13.8255800000
4.9041015088 1.3898748405 13.6755700000
4.9041015088 1.5533895276 13.4211900000
4.9041015088 1.7169042147 13.0716300000
4.9041015088 1.8804189018 12.6380700000
4.9041015088 2.0439335890 12.1330900000
4.9041015088 2.2074482761 11.5702200000
4.9041015088 2.3709629632 10.9633100000
4.9041015088 2.5344776503 10.3260500000
4.9041015088 2.6979923374 9.6714900000
4.9041015088 2.8615070245 9.0116500000
4.9041015088 3.0250217117 8.3572100000
4.9041015088 3.1885363988 7.7172600000
4.9041015088 3.3520510859 7.0992700000
4.9041015088 3.5155657730 6.5089800000
4.9041015088 3.6790804601 5.9505200000
4.9041015088 3.8425951472 5.4265100000
4.9041015088 4.0061098344 4.9382500000
4.9041015088 4.1696245215 4.4859300000
4.9041015088 4.3331392086 4.0688700000
4.9041015088 4.4966538957 3.6857200000
4.9041015088 4.6601685828 3.3346800000
4.9041015088 4.8236832699 3.0137000000
4.9041015088 4.9871979571 2.7205700000
4.9041015088 5.1507126442 2.4531300000
4.9041015088 5.3142273313 2.2092600000
5.1042689173 -1.5533895276 2.4312500000
5.1042689173 -1.3898748405 2.9406300000
5.1042689173 -1.2263601534 3.5059900000
5.1042689173 -1.0628454663 4.1209100000
5.1042689173 -0.8993307791 4.7767400000
5.1042689173 -0.7358160920 5.4628200000
5.1042689173 -0.5723014049 6.1667100000
5.1042689173 -0.4087867178 6.8745900000
5.1042689173 -0.2452720307 7.5716900000
5.1042689173 -0.0817573436 8.2428400000
5.1042689173 0.0817573436 8.8729900000
5.1042689173 0.2452720307 9.4477800000
5.1042689173 0.4087867178 9.9541100000
5.1042689173 0.5723014049 10.3806200000
5.1042689173 0.7358160920 10.7181500000
5.1042689173 0.8993307791 10.9600300000
5.1042689173 1.0628454663 11.1023700000
5.1042689173 1.2263601534 11.1440900000
5.1042689173 1.3898748405 11.0869700000
5.1042689173 1.5533895276 10.9354100000
5.1042689173 1.7169042147 10.6962800000
5.1042689173 1.8804189018 10.3784300000
5.1042689173 2.0439335890 9.9923600000
5.1042689173 2.2074482761 9.5496700000
5.1042689173 2.3709629632 9.0626000000
5.1042689173 2.5344776503 8.5434700000
5.1042689173 2.6979923374 8.0042900000
5.1042689173 2.8615070245 7.4562900000
5.1042689173 3.0250217117 6.9096000000
5.1042689173 3.1885363988 6.3730300000
5.1042689173 3.3520510859 5.8538600000
5.1042689173 3.5155657730 5.3578100000
5.1042689173 3.6790804601 4.8890600000
5.1042689173 3.8425951472 4.4503100000
5.1042689173 4.0061098344 4.0429500000
5.1042689173 4.1696245215 3.6672600000
5.1042689173 4.3331392086 3.3225800000
5.1042689173 4.4966538957 3.0076000000
5.1042689173 4.6601685828 2.7205300000
5.1042689173 4.8236832699 2.4592800000
5.1042689173 4.9871979571 2.2216700000
5.1042689173 5.1507126442 2.0055200000
5.3044363258 -1.2263601534 2.3265700000
5.3044363258 -1.0628454663 2.8655900000
5.3044363258 -0.8993307791 3.4510600000
5.3044363258 -0.7358160920 4.0735100000
5.3044363258 -0.5723014049 4.7216100000
5.3044363258 -0.4087867178 5.3825100000
5.3044363258 -0.2452720307 6.0422300000
5.3044363258 -0.0817573436 6.6862000000
5.3044363258 0.0817573436 7.2996900000
5.3044363258 0.2452720307 7.8684300000
5.3044363258 0.4087867178 8.3791300000
5.3044363258 0.5723014049 8.8199600000
5.3044363258 0.7358160920 9.1810400000
5.3044363258 0.8993307791 9.4548000000
5.3044363258 1.0628454663 9.6362100000
5.3044363258 1.2263601534 9.7229700000
5.3044363258 1.3898748405 9.7155500000
5.3044363258 1.5533895276 9.6170700000
5.3044363258 1.7169042147 9.4331000000
5.3044363258 1.8804189018 9.1713500000
5.3044363258 2.0439335890 8.8413100000
5.3044363258 2.2074482761 8.4537600000
5.3044363258 2.3709629632 8.0202700000
5.3044363258 2.5344776503 7.5527800000
5.3044363258 2.6979923374 7.0630400000
5.3044363258 2.8615070245 6.5622400000
5.3044363258 3.0250217117 6.0606200000
5.3044363258 3.1885363988 5.5672000000
5.3044363258 3.3520510859 5.0895400000
5.3044363258 3.5155657730 4.6337100000
5.3044363258 3.6790804601 4.2041700000
5.3044363258 3.8425951472 3.8039100000
5.3044363258 4.0061098344 3.4345300000
5.3044363258 4.1696245215 3.0964300000
5.3044363258 4.3331392086 2.7890200000
5.3044363258 4.4966538957 2.5109500000
5.3044363258 4.6601685828 2.2602900000
5.3044363258 4.8236832699 2.0348200000
5.5046037343 -1.2263601534 2.0240400000
5.5046037343 -1.0628454663 2.5594600000
5.5046037343 -0.8993307791 3.1427900000
5.5046037343 -0.7358160920 3.7645400000
5.5046037343 -0.5723014049 4.4133800000
5.5046037343 -0.4087867178 5.0764500000
5.5046037343 -0.2452720307 5.7397500000
5.5046037343 -0.0817573436 6.3886400000
5.5046037343 0.0817573436 7.0083400000
5.5046037343 0.2452720307 7.5844100000
5.5046037343 0.4087867178 8.1033800000
5.5046037343 0.5723014049 8.5531700000
5.5046037343 0.7358160920 8.9235700000
5.5046037343 0.8993307791 9.2066200000
5.5046037343 1.0628454663 9.3969200000
5.5046037343 1.2263601534 9.4917500000
5.5046037343 1.3898748405 9.4911500000
5.5046037343 1.5533895276 9.3978700000
5.5046037343 1.7169042147 9.2171700000
5.5046037343 1.8804189018 8.9565600000
5.5046037343 2.0439335890 8.6254000000
5.5046037343 2.2074482761 8.2344700000
5.5046037343 2.3709629632 7.7955100000
5.5046037343 2.5344776503 7.3206900000
5.5046037343 2.6979923374 6.8221800000
5.5046037343 2.8615070245 6.3116200000
5.5046037343 3.0250217117 5.7998100000
5.5046037343 3.1885363988 5.2963500000
5.5046037343 3.3520510859 4.8093900000
5.5046037343 3.5155657730 4.3455600000
5.5046037343 3.6790804601 3.9098300000
5.5046037343 3.8425951472 3.5056000000
5.5046037343 4.0061098344 3.1347900000
5.5046037343 4.1696245215 2.7979700000
5.5046037343 4.3331392086 2.4946400000
5.5046037343 4.4966538957 2.2233800000
5.7047711429 -1.3898748405 2.0011800000
5.7047711429 -1.2263601534 2.5320300000
5.7047711429 -1.0628454663 3.1160200000
5.7047711429 -0.8993307791 3.7448600000
5.7047711429 -0.7358160920 4.4082500000
5.7047711429 -0.5723014049 5.0941700000
5.7047711429 -0.4087867178 5.7892000000
5.7047711429 -0.2452720307 6.4789200000
5.7047711429 -0.0817573436 7.1483900000
5.7047711429 0.0817573436 7.7826300000
5.7047711429 0.2452720307 8.3671700000
5.7047711429 0.4087867178 8.8885200000
5.7047711429 0.5723014049 9.3347400000
5.7047711429 0.7358160920 9.6957700000
5.7047711429 0.8993307791 9.9639000000
5.7047711429 1.0628454663 10.1339400000
5.7047711429 1.2263601534 10.2034900000
5.7047711429 1.3898748405 10.1729000000
5.7047711429 1.5533895276 10.0452800000
5.7047711429 1.7169042147 9.8262800000
5.7047711429 1.8804189018 9.5238500000
5.7047711429 2.0439335890 9.1478200000
5.7047711429 2.2074482761 8.7095200000
5.7047711429 2.3709629632 8.2212800000
5.7047711429 2.5344776503 7.6959200000
5.7047711429 2.6979923374 7.1462900000
5.7047711429 2.8615070245 6.5847500000
5.7047711429 3.0250217117 6.0228500000
5.7047711429 3.1885363988 5.4709000000
5.7047711429 3.3520510859 4.9377900000
5.7047711429 3.5155657730 4.4307500000
5.7047711429 3.6790804601 3.9553600000
5.7047711429 3.8425951472 3.5154700000
5.7047711429 4.0061098344 3.1133600000
5.7047711429 4.1696245215 2.7498500000
5.7047711429 4.3331392086 2.4245300000
5.7047711429 4.4966538957 2.1359500000
5.9049385514 -1.5533895276 2.4894600000
5.9049385514 -1.3898748405 3.0474000000
5.9049385514 -1.2263601534 3.6601700000
5.9049385514 -1.0628454663 4.3201600000
5.9049385514 -0.8993307791 5.0177700000
5.9049385514 -0.7358160920 5.7415600000
5.9049385514 -0.5723014049 6.4785800000
5.9049385514 -0.4087867178 7.2147100000
5.9049385514 -0.2452720307 7.9350900000
5.9049385514 -0.0817573436 8.6245500000
5.9049385514 0.0817573436 9.2681400000
5.9049385514 0.2452720307 9.8516100000
5.9049385514 0.4087867178 10.3619100000
5.9049385514 0.5723014049 10.7876300000
5.9049385514 0.7358160920 11.1194000000
5.9049385514 0.8993307791 11.3502600000
5.9049385514 1.0628454663 11.4758500000
5.9049385514 1.2263601534 11.4945700000
5.9049385514 1.3898748405 11.4076400000
5.9049385514 1.5533895276 11.2189700000
5.9049385514 1.7169042147 10.9350100000
5.9049385514 1.8804189018 10.5644700000
5.9049385514 2.0439335890 10.1179300000
5.9049385514 2.2074482761 9.6074500000
5.9049385514 2.3709629632 9.0460600000
5.9049385514 2.5344776503 8.4472700000
5.9049385514 2.6979923374 7.8246100000
5.9049385514 2.8615070245 7.1911300000
5.9049385514 3.0250217117 6.5590300000
5.9049385514 3.1885363988 5.9392600000
5.9049385514 3.3520510859 5.3413300000
5.9049385514 3.5155657730 4.7730400000
5.9049385514 3.6790804601 4.2404600000
5.9049385514 3.8425951472 3.7478900000
5.9049385514 4.0061098344 3.2979600000
5.9049385514 4.1696245215 2.8917200000
5.9049385514 4.3331392086 2.5289000000
5.9049385514 4.4966538957 2.2080700000
6.1051059599 -2.0439335890 2.1680500000
6.1051059599 -1.8804189018 2.6442600000
6.1051059599 -1.7169042147 3.1832000000
6.1051059599 -1.5533895276 3.7818200000
6.1051059599 -1.3898748405 4.4350000000
6.1051059599 -1.2263601534 5.1355500000
6.1051059599 -1.0628454663 5.8742900000
6.1051059599 -0.8993307791 6.6402900000
6.1051059599 -0.7358160920 7.4210200000
6.1051059599 -0.5723014049 8.2027400000
6.1051059599 -0.4087867178 8.9708600000
6.1051059599 -0.2452720307 9.7103100000
6.1051059599 -0.0817573436 10.4060900000
6.1051059599 0.0817573436 11.0436300000
6.1051059599 0.2452720307 11.6093600000
6.1051059599 0.4087867178 12.0910800000
6.1051059599 0.5723014049 12.4784100000
6.1051059599 0.7358160920 12.7631400000
6.1051059599 0.8993307791 12.9394800000
6.1051059599 1.0628454663 13.0042800000
6.1051059599 1.2263601534 12.9571100000
6.1051059599 1.3898748405 12.8002900000
6.1051059599 1.5533895276 12.5387500000
6.1051059599 1.7169042147 12.1798500000
6.1051059599 1.8804189018 11.7330900000
6.1051059599 2.0439335890 11.2097700000
6.1051059599 2.2074482761 10.6225300000
6.1051059599 2.3709629632 9.9849100000
6.1051059599 2.5344776503 9.3108900000
6.1051059599 2.6979923374 8.6143900000
6.1051059599 2.8615070245 7.9088600000
6.1051059599 3.0250217117 7.2068500000
6.1051059599 3.1885363988 6.5196700000
6.1051059599 3.3520510859 5.8571700000
6.1051059599 3.5155657730 5.2275100000
6.1051059599 3.6790804601 4.6370700000
6.1051059599 3.8425951472 4.0904600000
6.1051059599 4.0061098344 3.5905700000
6.1051059599 4.1696245215 3.1386900000
6.1051059599 4.3331392086 2.7346800000
6.1051059599 4.4966538957 2.3772200000
6.1051059599 4.6601685828 2.0640000000
6.3052733684 -2.3709629632 2.2786300000
6.3052733684 -2.2074482761 2.7324200000
6.3052733684 -2.0439335890 3.2482300000
6.3052733684 -1.8804189018 3.8250500000
6.3052733684 -1.7169042147 4.4599800000
6.3052733684 -1.5533895276 5.1481600000
6.3052733684 -1.3898748405 5.8827600000
6.3052733684 -1.2263601534 6.6550500000
6.3052733684 -1.0628454663 7.4545700000
6.3052733684 -0.8993307791 8.2693200000
6.3052733684 -0.7358160920 9.0860700000
6.3052733684 -0.5723014049 9.8906700000
6.3052733684 -0.4087867178 10.6684700000
6.3052733684 -0.2452720307 11.4047000000
6.3052733684 -0.0817573436 12.0849300000
6.3052733684 0.0817573436 12.6955200000
6.3052733684 0.2452720307 13.2239800000
6.3052733684 0.4087867178 13.6594500000
6.3052733684 0.5723014049 13.9929500000
6.3052733684 0.7358160920 14.2177600000
6.3052733684 0.8993307791 14.3295500000
6.3052733684 1.0628454663 14.3266000000
6.3052733684 1.2263601534 14.2097900000
6.3052733684 1.3898748405 13.9825600000
6.3052733684 1.5533895276 13.6508200000
6.3052733684 1.7169042147 13.2227200000
6.3052733684 1.8804189018 12.7083400000
6.3052733684 2.0439335890 12.1193700000
6.3052733684 2.2074482761 11.4687200000
6.3052733684 2.3709629632 10.7700300000
6.3052733684 2.5344776503 10.0372900000
6.3052733684 2.6979923374 9.2843900000
6.3052733684 2.8615070245 8.5246700000
6.3052733684 3.0250217117 7.7706000000
6.3052733684 3.1885363988 7.0334500000
6.3052733684 3.3520510859 6.3230100000
6.3052733684 3.5155657730 5.6474700000
6.3052733684 3.6790804601 5.0132900000
6.3052733684 3.8425951472 4.4251800000
6.3052733684 4.0061098344 3.8861600000
6.3052733684 4.1696245215 3.3976900000
6.3052733684 4.3331392086 2.9598000000
6.3052733684 4.4966538957 2.5712800000
6.3052733684 4.6601685828 2.2299500000
6.5054407769 -2.6979923374 2.2041200000
6.5054407769 -2.5344776503 2.6236900000
6.5054407769 -2.3709629632 3.1020300000
6.5054407769 -2.2074482761 3.6398300000
6.5054407769 -2.0439335890 4.2361700000
6.5054407769 -1.8804189018 4.8883700000
6.5054407769 -1.7169042147 5.5919300000
6.5054407769 -1.5533895276 6.3405000000
6.5054407769 -1.3898748405 7.1259100000
6.5054407769 -1.2263601534 7.9383500000
6.5054407769 -1.0628454663 8.7664900000
6.5054407769 -0.8993307791 9.5978100000
6.5054407769 -0.7358160920 10.4188700000
6.5054407769 -0.5723014049 11.2156700000
6.5054407769 -0.4087867178 11.9740200000
6.5054407769 -0.2452720307 12.6799500000
6.5054407769 -0.0817573436 13.3201400000
6.5054407769 0.0817573436 13.8822500000
6.5054407769 0.2452720307 14.3553300000
6.5054407769 0.4087867178 14.7301400000
6.5054407769 0.5723014049 14.9994100000
6.5054407769 0.7358160920 15.1580700000
6.5054407769 0.8993307791 15.2034000000
6.5054407769 1.0628454663 15.1351000000
6.5054407769 1.2263601534 14.9552800000
6.5054407769 1.3898748405 14.6684000000
6.5054407769 1.5533895276 14.2811100000
6.5054407769 1.7169042147 13.8020200000
6.5054407769 1.8804189018 13.2414400000
6.5054407769 2.0439335890 12.6110300000
6.5054407769 2.2074482761 11.9234600000
6.5054407769 2.3709629632 11.1919700000
6.5054407769 2.5344776503 10.4300500000
6.5054407769 2.6979923374 9.6509800000
6.5054407769 2.8615070245 8.8675000000
6.5054407769 3.0250217117 8.0914900000
6.5054407769 3.1885363988 7.3336800000
6.5054407769 3.3520510859 6.6034200000
6.5054407769 3.5155657730 5.9085600000
6.5054407769 3.6790804601 5.2553200000
6.5054407769 3.8425951472 4.6483200000
6.5054407769 4.0061098344 4.0905500000
6.5054407769 4.1696245215 3.5835400000
6.5054407769 4.3331392086 3.1274600000
6.5054407769 4.4966538957 2.7213000000
6.5054407769 4.6601685828 2.3630800000
6.5054407769 4.8236832699 2.0500500000
6.7056081855 -2.8615070245 2.3071800000
6.7056081855 -2.6979923374 2.7293400000
6.7056081855 -2.5344776503 3.2066300000
6.7056081855 -2.3709629632 3.7398100000
6.7056081855 -2.2074482761 4.3281600000
6.7056081855 -2.0439335890 4.9694200000
6.7056081855 -1.8804189018 5.6596200000
6.7056081855 -1.7169042147 6.3931000000
6.7056081855 -1.5533895276 7.1624900000
6.7056081855 -1.3898748405 7.9588600000
6.7056081855 -1.2263601534 8.7718200000
6.7056081855 -1.0628454663 9.5898200000
6.7056081855 -0.8993307791 10.4003900000
6.7056081855 -0.7358160920 11.1904400000
6.7056081855 -0.5723014049 11.9466600000
6.7056081855 -0.4087867178 12.6558500000
6.7056081855 -0.2452720307 13.3053200000
6.7056081855 -0.0817573436 13.8832000000
6.7056081855 0.0817573436 14.3788500000
6.7056081855 0.2452720307 14.7830900000
6.7056081855 0.4087867178 15.0884900000
6.7056081855 0.5723014049 15.2895800000
6.7056081855 0.7358160920 15.3829800000
6.7056081855 0.8993307791 15.3675000000
6.7056081855 1.0628454663 15.2441200000
6.7056081855 1.2263601534 15.0160000000
6.7056081855 1.3898748405 14.6883100000
6.7056081855 1.5533895276 14.2681100000
6.7056081855 1.7169042147 13.7640800000
6.7056081855 1.8804189018 13.1863200000
6.7056081855 2.0439335890 12.5459800000
6.7056081855 2.2074482761 11.8549900000
6.7056081855 2.3709629632 11.1257000000
6.7056081855 2.5344776503 10.3705400000
6.7056081855 2.6979923374 9.6017000000
6.7056081855 2.8615070245 8.8308000000
6.7056081855 3.0250217117 8.0686800000
6.7056081855 3.1885363988 7.3250900000
6.7056081855 3.3520510859 6.6085500000
6.7056081855 3.5155657730 5.9262300000
6.7056081855 3.6790804601 5.2838600000
6.7056081855 3.8425951472 4.6857000000
6.7056081855 4.0061098344 4.1346000000
6.7056081855 4.1696245215 3.6320500000
6.7056081855 4.3331392086 3.1783300000
6.7056081855 4.4966538957 2.7726300000
6.7056081855 4.6601685828 2.4132500000
6.7056081855 4.8236832699 2.0977600000
6.9057755940 -3.0250217117 2.2014700000
6.9057755940 -2.8615070245 2.5998100000
6.9057755940 -2.6979923374 3.0483000000
6.9057755940 -2.5344776503 3.5478200000
6.9057755940 -2.3709629632 4.0980600000
6.9057755940 -2.2074482761 4.6973000000
6.9057755940 -2.0439335890 5.3423700000
6.9057755940 -1.8804189018 6.0285100000
6.9057755940 -1.7169042147 6.7494300000
6.9057755940 -1.5533895276 7.4973400000
6.9057755940 -1.3898748405 8.2631100000
6.9057755940 -1.2263601534 9.0364400000
6.9057755940 -1.0628454663 9.8060800000
6.9057755940 -0.8993307791 10.5602000000
6.9057755940 -0.7358160920 11.2865900000
6.9057755940 -0.5723014049 11.9731000000
6.9057755940 -0.4087867178 12.6079400000
6.9057755940 -0.2452720307 13.1799900000
6.9057755940 -0.0817573436 13.6791400000
6.9057755940 0.0817573436 14.0965900000
6.9057755940 0.2452720307 14.4250200000
6.9057755940 0.4087867178 14.6588500000
6.9057755940 0.5723014049 14.7943300000
6.9057755940 0.7358160920 14.8296300000
6.9057755940 0.8993307791 14.7648800000
6.9057755940 1.0628454663 14.6021200000
6.9057755940 1.2263601534 14.3451900000
6.9057755940 1.3898748405 13.9996700000
6.9057755940 1.5533895276 13.5726100000
6.9057755940 1.7169042147 13.0724000000
6.9057755940 1.8804189018 12.5084700000
6.9057755940 2.0439335890 11.8910600000
6.9057755940 2.2074482761 11.2309300000
6.9057755940 2.3709629632 10.5390700000
6.9057755940 2.5344776503 9.8264600000
6.9057755940 2.6979923374 9.1037900000
6.9057755940 2.8615070245 8.3811900000
6.9057755940 3.0250217117 7.6680600000
6.9057755940 3.1885363988 6.9728600000
6.9057755940 3.3520510859 6.3029900000
6.9057755940 3.5155657730 5.6646700000
6.9057755940 3.6790804601 5.0629000000
6.9057755940 3.8425951472 4.5014300000
6.9057755940 4.0061098344 3.9827900000
6.9057755940 4.1696245215 3.5083900000
6.9057755940 4.3331392086 3.0785400000
6.9057755940 4.4966538957 2.6926600000
6.9057755940 4.6601685828 2.3493300000
6.9057755940 4.8236832699 2.0465200000
7.1059430025 -3.0250217117 2.2878400000
7.1059430025 -2.8615070245 2.6835100000
7.1059430025 -2.6979923374 3.1240100000
7.1059430025 -2.5344776503 3.6094900000
7.1059430025 -2.3709629632 4.1389300000
7.1059430025 -2.2074482761 4.7100700000
7.1059430025 -2.0439335890 5.3193000000
7.1059430025 -1.8804189018 5.9616100000
7.1059430025 -1.7169042147 6.6306300000
7.1059430025 -1.5533895276 7.3187300000
7.1059430025 -1.3898748405 8.0171500000
7.1059430025 -1.2263601534 8.7161800000
7.1059430025 -1.0628454663 9.4054700000
7.1059430025 -0.8993307791 10.0742100000
7.1059430025 -0.7358160920 10.7115500000
7.1059430025 -0.5723014049 11.3068000000
7.1059430025 -0.4087867178 11.8498200000
7.1059430025 -0.2452720307 12.3312700000
7.1059430025 -0.0817573436 12.7428800000
7.1059430025 0.0817573436 13.0776800000
7.1059430025 0.2452720307 13.3301600000
7.1059430025 0.4087867178 13.4964200000
7.1059430025 0.5723014049 13.5742300000
7.1059430025 0.7358160920 13.5630700000
7.1059430025 0.8993307791 13.4640700000
7.1059430025 1.0628454663 13.2799800000
7.1059430025 1.2263601534 13.0150200000
7.1059430025 1.3898748405 12.6747900000
7.1059430025 1.5533895276 12.2660000000
7.1059430025 1.7169042147 11.7963500000
7.1059430025 1.8804189018 11.2743100000
7.1059430025 2.0439335890 10.7088400000
7.1059430025 2.2074482761 10.1092500000
7.1059430025 2.3709629632 9.4849000000
7.1059430025 2.5344776503 8.8450400000
7.1059430025 2.6979923374 8.1985900000
7.1059430025 2.8615070245 7.5539700000
7.1059430025 3.0250217117 6.9189500000
7.1059430025 3.1885363988 6.3004900000
7.1059430025 3.3520510859 5.7046800000
7.1059430025 3.5155657730 5.1366400000
7.1059430025 3.6790804601 4.6005000000
7.1059430025 3.8425951472 4.0993800000
7.1059430025 4.0061098344 3.6354200000
7.1059430025 4.1696245215 3.2098100000
7.1059430025 4.3331392086 2.8229100000
7.1059430025 4.4966538957 2.4743000000
7.1059430025 4.6601685828 2.1628700000
7.3061104110 -3.0250217117 2.1988300000
7.3061104110 -2.8615070245 2.5631700000
7.3061104110 -2.6979923374 2.9654900000
7.3061104110 -2.5344776503 3.4055100000
7.3061104110 -2.3709629632 3.8819200000
7.3061104110 -2.2074482761 4.3923200000
7.3061104110 -2.0439335890 4.9331200000
7.3061104110 -1.8804189018 5.4995500000
7.3061104110 -1.7169042147 6.0856800000
7.3061104110 -1.5533895276 6.6844800000
7.3061104110 -1.3898748405 7.2880600000
7.3061104110 -1.2263601534 7.8877500000
7.3061104110 -1.0628454663 8.4744200000
7.3061104110 -0.8993307791 9.0387000000
7.3061104110 -0.7358160920 9.5712600000
7.3061104110 -0.5723014049 10.0631200000
7.3061104110 -0.4087867178 10.5058800000
7.3061104110 -0.2452720307 10.8919700000
7.3061104110 -0.0817573436 11.2149100000
7.3061104110 0.0817573436 11.4694200000
7.3061104110 0.2452720307 11.6516000000
7.3061104110 0.4087867178 11.7589700000
7.3061104110 0.5723014049 11.7905100000
7.3061104110 0.7358160920 11.7466600000
7.3061104110 0.8993307791 11.6292300000
7.3061104110 1.0628454663 11.4413400000
7.3061104110 1.2263601534 11.1872400000
7.3061104110 1.3898748405 10.8722000000
7.3061104110 1.5533895276 10.5023400000
7.3061104110 1.7169042147 10.0844200000
7.3061104110 1.8804189018 9.6256900000
7.3061104110 2.0439335890 9.1336900000
7.3061104110 2.2074482761 8.6160800000
7.3061104110 2.3709629632 8.0804900000
7.3061104110 2.5344776503 7.5343500000
7.3061104110 2.6979923374 6.9847300000
7.3061104110 2.8615070245 6.4382800000
7.3061104110 3.0250217117 5.9010700000
7.3061104110 3.1885363988 5.3785200000
7.3061104110 3.3520510859 4.8753800000
7.3061104110 3.5155657730 4.3956000000
7.3061104110 3.6790804601 3.9424000000
7.3061104110 3.8425951472 3.5182200000
7.3061104110 4.0061098344 3.1247300000
7.3061104110 4.1696245215 2.7629200000
7.3061104110 4.3331392086 2.4330800000
7.3061104110 4.4966538957 2.1349500000
7.5062778195 -2.8615070245 2.2792600000
7.5062778195 -2.6979923374 2.6213200000
7.5062778195 -2.5344776503 2.9933100000
7.5062778195 -2.3709629632 3.3939600000
7.5062778195 -2.2074482761 3.8210900000
7.5062778195 -2.0439335890 4.2715200000
7.5062778195 -1.8804189018 4.7410700000
7.5062778195 -1.7169042147 5.2246000000
7.5062778195 -1.5533895276 5.7161100000
7.5062778195 -1.3898748405 6.2088400000
7.5062778195 -1.2263601534 6.6954900000
7.5062778195 -1.0628454663 7.1684000000
7.5062778195 -0.8993307791 7.6197700000
7.5062778195 -0.7358160920 8.0419600000
7.5062778195 -0.5723014049 8.4276900000
7.5062778195 -0.4087867178 8.7702500000
7.5062778195 -0.2452720307 9.0637700000
7.5062778195 -0.0817573436 9.3033400000
7.5062778195 0.0817573436 9.4851700000
7.5062778195 0.2452720307 9.6066400000
7.5062778195 0.4087867178 9.6663800000
7.5062778195 0.5723014049 9.6642700000
7.5062778195 0.7358160920 9.6013300000
7.5062778195 0.8993307791 9.4797400000
7.5062778195 1.0628454663 9.3026200000
7.5062778195 1.2263601534 9.0740000000
7.5062778195 1.3898748405 8.7985900000
7.5062778195 1.5533895276 8.4816900000
7.5062778195 1.7169042147 8.1289900000
7.5062778195 1.8804189018 7.7464200000
7.5062778195 2.0439335890 7.3400600000
7.5062778195 2.2074482761 6.9159300000
7.5062778195 2.3709629632 6.4799500000
7.5062778195 2.5344776503 6.0377700000
7.5062778195 2.6979923374 5.5947300000
7.5062778195 2.8615070245 5.1557700000
7.5062778195 3.0250217117 4.7253500000
7.5062778195 3.1885363988 4.3074500000
7.5062778195 3.3520510859 3.9055000000
7.5062778195 3.5155657730 3.5223900000
7.5062778195 3.6790804601 3.1604300000
7.5062778195 3.8425951472 2.8213900000
7.5062778195 4.0061098344 2.5065000000
7.5062778195 4.1696245215 2.2164700000
7.7064452281 -2.6979923374 2.1659700000
7.7064452281 -2.5344776503 2.4581100000
7.7064452281 -2.3709629632 2.7715300000
7.7064452281 -2.2074482761 3.1045200000
7.7064452281 -2.0439335890 3.4545200000
7.7064452281 -1.8804189018 3.8182300000
7.7064452281 -1.7169042147 4.1915200000
7.7064452281 -1.5533895276 4.5696000000
7.7064452281 -1.3898748405 4.9470600000
7.7064452281 -1.2263601534 5.3180900000
7.7064452281 -1.0628454663 5.6765700000
7.7064452281 -0.8993307791 6.0163700000
7.7064452281 -0.7358160920 6.3314500000
7.7064452281 -0.5723014049 6.6161800000
7.7064452281 -0.4087867178 6.8654300000
7.7064452281 -0.2452720307 7.0747900000
7.7064452281 -0.0817573436 7.2407000000
7.7064452281 0.0817573436 7.3605500000
7.7064452281 0.2452720307 7.4327300000
7.7064452281 0.4087867178 7.4566300000
7.7064452281 0.5723014049 7.4326800000
7.7064452281 0.7358160920 7.3622000000
7.7064452281 0.8993307791 7.2474000000
7.7064452281 1.0628454663 7.0912100000
7.7064452281 1.2263601534 6.8971800000
7.7064452281 1.3898748405 6.6693400000
7.7064452281 1.5533895276 6.4120500000
7.7064452281 1.7169042147 6.1299000000
7.7064452281 1.8804189018 5.8275500000
7.7064452281 2.0439335890 5.5096600000
7.7064452281 2.2074482761 5.1807400000
7.7064452281 2.3709629632 4.8451500000
7.7064452281 2.5344776503 4.5069500000
7.7064452281 2.6979923374 4.1699200000
7.7064452281 2.8615070245 3.8374900000
7.7064452281 3.0250217117 3.5127400000
7.7064452281 3.1885363988 3.1983400000
7.7064452281 3.3520510859 2.8965900000
7.7064452281 3.5155657730 2.6094000000
7.7064452281 3.6790804601 2.3383100000
7.7064452281 3.8425951472 2.0844700000
7.9066126366 -2.3709629632 2.1191700000
7.9066126366 -2.2074482761 2.3582000000
7.9066126366 -2.0439335890 2.6088800000
7.9066126366 -1.8804189018 2.8688300000
7.9066126366 -1.7169042147 3.1350600000
7.9066126366 -1.5533895276 3.4040300000
7.9066126366 -1.3898748405 3.6717400000
7.9066126366 -1.2263601534 3.9338400000
7.9066126366 -1.0628454663 4.1857700000
7.9066126366 -0.8993307791 4.4229200000
7.9066126366 -0.7358160920 4.6408300000
7.9066126366 -0.5723014049 4.8353000000
7.9066126366 -0.4087867178 5.0026000000
7.9066126366 -0.2452720307 5.1395500000
7.9066126366 -0.0817573436 5.2437000000
7.9066126366 0.0817573436 5.3133100000
7.9066126366 0.2452720307 5.3475000000
7.9066126366 0.4087867178 5.3461500000
7.9066126366 0.5723014049 5.3099400000
7.9066126366 0.7358160920 5.2402600000
7.9066126366 0.8993307791 5.1391300000
7.9066126366 1.0628454663 5.0091200000
7.9066126366 1.2263601534 4.8531800000
7.9066126366 1.3898748405 4.6745900000
7.9066126366 1.5533895276 4.4767900000
7.9066126366 1.7169042147 4.2633000000
7.9066126366 1.8804189018 4.0376200000
7.9066126366 2.0439335890 3.8031400000
7.9066126366 2.2074482761 3.5630800000
7.9066126366 2.3709629632 3.3204400000
7.9066126366 2.5344776503 3.0779500000
7.9066126366 2.6979923374 2.8381100000
7.9066126366 2.8615070245 2.6030800000
7.9066126366 3.0250217117 2.3747700000
7.9066126366 3.1885363988 2.1548200000
8.1067800451 -1.8804189018 2.0115000000
8.1067800451 -1.7169042147 2.1821100000
8.1067800451 -1.5533895276 2.3541000000
8.1067800451 -1.3898748405 2.5248000000
8.1067800451 -1.2263601534 2.6912300000
8.1067800451 -1.0628454663 2.8502500000
8.1067800451 -0.8993307791 2.9986600000
8.1067800451 -0.7358160920 3.1333500000
8.1067800451 -0.5723014049 3.2514200000
8.1067800451 -0.4087867178 3.3502700000
8.1067800451 -0.2452720307 3.4277800000
8.1067800451 -0.0817573436 3.4823100000
8.1067800451 0.0817573436 3.5128200000
8.1067800451 0.2452720307 3.5188800000
8.1067800451 0.4087867178 3.5006600000
8.1067800451 0.5723014049 3.4589100000
8.1067800451 0.7358160920 3.3948900000
8.1067800451 0.8993307791 3.3103500000
8.1067800451 1.0628454663 3.2073500000
8.1067800451 1.2263601534 3.0882700000
8.1067800451 1.3898748405 2.9556100000
8.1067800451 1.5533895276 2.8119600000
8.1067800451 1.7169042147 2.6598900000
8.1067800451 1.8804189018 2.5019000000
8.1067800451 2.0439335890 2.3403000000
8.1067800451 2.2074482761 2.1772400000
8.1067800451 2.3709629632 2.0146300000
8.3069474536 -0.4087867178 2.0154300000
8.3069474536 -0.2452720307 2.0460200000
8.3069474536 -0.0817573436 2.0620800000
8.3069474536 0.0817573436 2.0630600000
8.3069474536 0.2452720307 2.0488300000
8.3069474536 0.4087867178 2.0196900000
