-21	0.00055711
-20.965	0.00055925
-20.93	0.00055658
-20.895	0.00055826
-20.86	0.00055716
-20.825	0.00055767
-20.79	0.00055667
-20.755	0.00055606
-20.72	0.00055624
-20.685	0.00055485
-20.65	0.00055279
-20.615	0.00054958
-20.58	0.00054021
-20.545	0.00052625
-20.51	0.00050222
-20.475	0.00047061
-20.44	0.00043124
-20.405	0.00037965
-20.369	0.00032378
-20.334	0.00026625
-20.299	0.0002147
-20.264	0.00017105
-20.229	0.00013522
-20.194	0.0001085
-20.159	9.0346e-05
-20.124	7.7999e-05
-20.089	6.906e-05
-20.054	6.0614e-05
-20.019	5.1319e-05
-19.984	4.0437e-05
-19.949	2.8916e-05
-19.914	1.9172e-05
-19.879	1.5299e-05
-19.844	2.2139e-05
-19.809	4.5003e-05
-19.774	8.9374e-05
-19.739	0.00015977
-19.704	0.00026209
-19.669	0.00039934
-19.634	0.00056994
-19.599	0.00076865
-19.564	0.00099128
-19.529	0.0012294
-19.494	0.0014707
-19.459	0.0017129
-19.424	0.0019366
-19.389	0.0021268
-19.354	0.0022687
-19.319	0.0023554
-19.284	0.00238
-19.249	0.0023401
-19.214	0.002234
-19.178	0.002066
-19.143	0.0018432
-19.108	0.0015819
-19.073	0.0012997
-19.038	0.0010172
-19.003	0.00074653
-18.968	0.00050106
-18.933	0.00030001
-18.898	0.00015755
-18.863	8.1874e-05
-18.828	7.3535e-05
-18.793	0.00012856
-18.758	0.00023731
-18.723	0.00039167
-18.688	0.00057157
-18.653	0.00076147
-18.618	0.00093843
-18.583	0.0010824
-18.548	0.0011808
-18.513	0.0012251
-18.478	0.0012082
-18.443	0.0011293
-18.408	0.00099398
-18.373	0.00081673
-18.338	0.00061911
-18.303	0.00041784
-18.268	0.00024214
-18.233	0.00010886
-18.198	3.9942e-05
-18.163	5.5404e-05
-18.128	0.0001671
-18.093	0.00037003
-18.058	0.00066895
-18.023	0.0010388
-17.987	0.0014728
-17.952	0.0019421
-17.917	0.0024135
-17.882	0.0028516
-17.847	0.003217
-17.812	0.003488
-17.777	0.0036423
-17.742	0.0036696
-17.707	0.0035589
-17.672	0.0033125
-17.637	0.0029492
-17.602	0.0025
-17.567	0.0019974
-17.532	0.0014798
-17.497	0.00098576
-17.462	0.00055642
-17.427	0.00022958
-17.392	4.0941e-05
-17.357	1.3491e-05
-17.322	0.00015341
-17.287	0.00044747
-17.252	0.00089548
-17.217	0.0014707
-17.182	0.0021369
-17.147	0.002844
-17.112	0.003544
-17.077	0.0041838
-17.042	0.0047226
-17.007	0.0051388
-16.972	0.0054003
-16.937	0.0054912
-16.902	0.005401
-16.867	0.0051526
-16.832	0.0047737
-16.796	0.0043049
-16.761	0.0037725
-16.726	0.0032217
-16.691	0.0027055
-16.656	0.0022682
-16.621	0.0019387
-16.586	0.001739
-16.551	0.0016793
-16.516	0.0017438
-16.481	0.0019211
-16.446	0.0021806
-16.411	0.0024799
-16.376	0.0027675
-16.341	0.0029982
-16.306	0.0031397
-16.271	0.003151
-16.236	0.0030208
-16.201	0.0027381
-16.166	0.0023143
-16.131	0.0017964
-16.096	0.0012391
-16.061	0.00070918
-16.026	0.00028026
-15.991	4.2658e-05
-15.956	8.4005e-05
-15.921	0.00049717
-15.886	0.0013417
-15.851	0.0026697
-15.816	0.004494
-15.781	0.0068197
-15.746	0.0096127
-15.711	0.01287
-15.676	0.016485
-15.641	0.020335
-15.606	0.024239
-15.57	0.028019
-15.535	0.031565
-15.5	0.034895
-15.465	0.037737
-15.43	0.039993
-15.395	0.041556
-15.36	0.042355
-15.325	0.042389
-15.29	0.041701
-15.255	0.040292
-15.22	0.038209
-15.185	0.035554
-15.15	0.032435
-15.115	0.029017
-15.08	0.025482
-15.045	0.021924
-15.01	0.018384
-14.975	0.014996
-14.94	0.011871
-14.905	0.0090716
-14.87	0.0066953
-14.835	0.0047289
-14.8	0.0031809
-14.765	0.0019918
-14.73	0.0011229
-14.695	0.00054634
-14.66	0.00020977
-14.625	5.4282e-05
-14.59	1.7937e-05
-14.555	4.9681e-05
-14.52	0.00010902
-14.485	0.00016554
-14.45	0.00019938
-14.415	0.00020079
-14.379	0.00017099
-14.344	0.00012062
-14.309	6.4412e-05
-14.274	1.8502e-05
-14.239	1.7383e-06
-14.204	3.1248e-05
-14.169	0.00012028
-14.134	0.0002736
-14.099	0.00048841
-14.064	0.00076451
-14.029	0.0010805
-13.994	0.001429
-13.959	0.0017905
-13.924	0.002138
-13.889	0.002448
-13.854	0.0026932
-13.819	0.0028693
-13.784	0.0029629
-13.749	0.0029691
-13.714	0.0028861
-13.679	0.0027191
-13.644	0.0024798
-13.609	0.0021912
-13.574	0.0018686
-13.539	0.001538
-13.504	0.0012007
-13.469	0.00088755
-13.434	0.0006109
-13.399	0.00038564
-13.364	0.00022032
-13.329	0.00011354
-13.294	6.1379e-05
-13.259	5.8649e-05
-13.224	9.6396e-05
-13.188	0.00016431
-13.153	0.0002488
-13.118	0.00033624
-13.083	0.00041639
-13.048	0.00047911
-13.013	0.00052155
-12.978	0.00053698
-12.943	0.00052455
-12.908	0.00048631
-12.873	0.00042819
-12.838	0.00035541
-12.803	0.00027699
-12.768	0.0001982
-12.733	0.00012579
-12.698	6.6811e-05
-12.663	2.5061e-05
-12.628	4.4674e-06
-12.593	4.1457e-06
-12.558	2.2531e-05
-12.523	5.5895e-05
-12.488	0.00010169
-12.453	0.00015401
-12.418	0.00020678
-12.383	0.00025472
-12.348	0.00029297
-12.313	0.00031953
-12.278	0.00033163
-12.243	0.00032915
-12.208	0.0003122
-12.173	0.00028271
-12.138	0.00024406
-12.103	0.00020053
-12.068	0.00015512
-12.033	0.00011176
-11.997	7.2536e-05
-11.962	4.0566e-05
-11.927	1.7689e-05
-11.892	4.4562e-06
-11.857	5.302e-07
-11.822	4.3688e-06
-11.787	1.41e-05
-11.752	2.7834e-05
-11.717	4.3224e-05
-11.682	5.7961e-05
-11.647	7.0116e-05
-11.612	7.8131e-05
-11.577	8.1581e-05
-11.542	8.0423e-05
-11.507	7.5013e-05
-11.472	6.6198e-05
-11.437	5.5197e-05
-11.402	4.3481e-05
-11.367	3.2482e-05
-11.332	2.3357e-05
-11.297	1.6638e-05
-11.262	1.262e-05
-11.227	1.1386e-05
-11.192	1.2533e-05
-11.157	1.5291e-05
-11.122	1.8694e-05
-11.087	2.1872e-05
-11.052	2.4054e-05
-11.017	2.4718e-05
-10.982	2.3628e-05
-10.947	2.0868e-05
-10.912	1.6947e-05
-10.877	1.2692e-05
-10.842	8.9478e-06
-10.807	6.4733e-06
-10.771	5.9554e-06
-10.736	7.7986e-06
-10.701	1.1958e-05
-10.666	1.79e-05
-10.631	2.4603e-05
-10.596	3.0738e-05
-10.561	3.5185e-05
-10.526	3.6678e-05
-10.491	3.4581e-05
-10.456	2.8939e-05
-10.421	2.1105e-05
-10.386	1.393e-05
-10.351	1.1665e-05
-10.316	1.993e-05
-10.281	4.5573e-05
-10.246	9.7866e-05
-10.211	0.00018627
-10.176	0.00031923
-10.141	0.00050613
-10.106	0.0007475
-10.071	0.0010518
-10.036	0.0014142
-10.001	0.001849
-9.9658	0.0023432
-9.9308	0.0028835
-9.8957	0.0034481
-9.8607	0.0040157
-9.8257	0.0045771
-9.7907	0.0051093
-9.7556	0.0055891
-9.7206	0.0059977
-9.6856	0.0063078
-9.6505	0.0065021
-9.6155	0.0065714
-9.5805	0.0065163
-9.5455	0.0063413
-9.5104	0.0060465
-9.4754	0.0056425
-9.4404	0.0051502
-9.4053	0.0046001
-9.3703	0.0040164
-9.3353	0.003428
-9.3003	0.0028606
-9.2652	0.0023238
-9.2302	0.0018354
-9.1952	0.0014154
-9.1601	0.0010739
-9.1251	0.00080898
-9.0901	0.00061696
-9.055	0.00047979
-9.02	0.0003872
-8.985	0.00032336
-8.95	0.00027546
-8.9149	0.00023208
-8.8799	0.00018742
-8.8449	0.00014082
-8.8098	9.9195e-05
-8.7748	7.6312e-05
-8.7398	9.2748e-05
-8.7048	0.00017624
-8.6697	0.00035613
-8.6347	0.00065657
-8.5997	0.0011038
-8.5646	0.0017083
-8.5296	0.0024974
-8.4946	0.0034655
-8.4595	0.0046051
-8.4245	0.0058667
-8.3895	0.007203
-8.3545	0.0085518
-8.3194	0.009839
-8.2844	0.011025
-8.2494	0.012043
-8.2143	0.012804
-8.1793	0.013241
-8.1443	0.013316
-8.1093	0.013025
-8.0742	0.012381
-8.0392	0.011392
-8.0042	0.010106
-7.9691	0.0085988
-7.9341	0.0069635
-7.8991	0.0053326
-7.8641	0.0038007
-7.829	0.0024816
-7.794	0.001423
-7.759	0.00071248
-7.7239	0.00039575
-7.6889	0.00049713
-7.6539	0.00098703
-7.6188	0.0017954
-7.5838	0.0028515
-7.5488	0.0040525
-7.5138	0.0052815
-7.4787	0.0064271
-7.4437	0.0073497
-7.4087	0.0079474
-7.3736	0.0081539
-7.3386	0.0079505
-7.3036	0.0073514
-7.2686	0.0063851
-7.2335	0.0051447
-7.1985	0.0037606
-7.1635	0.0024057
-7.1284	0.0012664
-7.0934	0.00048428
-7.0584	0.00021069
-7.0234	0.00056392
-6.9883	0.0016388
-6.9533	0.0034749
-6.9183	0.0060018
-6.8832	0.0091105
-6.8482	0.012589
-6.8132	0.016327
-6.7781	0.020069
-6.7431	0.023551
-6.7081	0.026502
-6.6731	0.028653
-6.638	0.029808
-6.603	0.029896
-6.568	0.028879
-6.5329	0.0268
-6.4979	0.023735
-6.4629	0.019889
-6.4279	0.0156
-6.3928	0.011277
-6.3578	0.0072306
-6.3228	0.0038482
-6.2877	0.0013701
-6.2527	0.00013399
-6.2177	0.00036521
-6.1827	0.0021667
-6.1476	0.0054946
-6.1126	0.010176
-6.0776	0.015901
-6.0425	0.022465
-6.0075	0.029539
-5.9725	0.036581
-5.9374	0.043054
-5.9024	0.048523
-5.8674	0.052604
-5.8324	0.055148
-5.7973	0.055989
-5.7623	0.055102
-5.7273	0.052571
-5.6922	0.048618
-5.6572	0.043692
-5.6222	0.038301
-5.5872	0.032905
-5.5521	0.027838
-5.5171	0.023635
-5.4821	0.02061
-5.447	0.019095
-5.412	0.019151
-5.377	0.020681
-5.342	0.023384
-5.3069	0.02698
-5.2719	0.030962
-5.2369	0.034812
-5.2018	0.037886
-5.1668	0.039663
-5.1318	0.039732
-5.0967	0.037915
-5.0617	0.034222
-5.0267	0.028717
-4.9917	0.021889
-4.9566	0.014526
-4.9216	0.0076567
-4.8866	0.0025302
-4.8515	0.00027322
-4.8165	0.0021365
-4.7815	0.0094721
-4.7465	0.023478
-4.7114	0.045212
-4.6764	0.075012
-4.6414	0.1124
-4.6063	0.15691
-4.5713	0.20873
-4.5363	0.26663
-4.5013	0.32887
-4.4662	0.39384
-4.4312	0.45805
-4.3962	0.51866
-4.3611	0.57462
-4.3261	0.62302
-4.2911	0.66259
-4.256	0.69155
-4.221	0.70822
-4.186	0.71175
-4.151	0.7015
-4.1159	0.68013
-4.0809	0.64672
-4.0459	0.60394
-4.0108	0.55137
-3.9758	0.49062
-3.9408	0.42771
-3.9058	0.36385
-3.8707	0.30088
-3.8357	0.24946
-3.8007	0.1957
-3.7656	0.15004
-3.7306	0.10686
-3.6956	0.07096
-3.6606	0.044883
-3.6255	0.026147
-3.5905	0.013072
-3.5555	0.0055472
-3.5204	0.0016828
-3.4854	0.00059572
-3.4504	0.0013696
-3.4153	0.0031267
-3.3803	0.0048666
-3.3453	0.0055217
-3.3103	0.0056615
-3.2752	0.0051544
-3.2402	0.0040192
-3.2052	0.0022138
-3.1701	0.00092763
-3.1351	0.00055729
-3.1001	0.0011347
-3.0651	0.0044365
-3.03	0.009659
-2.995	0.020383
-2.96	0.030505
-2.9249	0.052715
-2.8899	0.066325
-2.8549	0.079957
-2.8198	0.11783
-2.7848	0.092679
-2.7498	0.15553
-2.7148	0.099307
-2.6797	0.15042
-2.6447	0.084564
-2.6097	0.12723
-2.5746	0.064269
-2.5396	0.080744
-2.5046	0.045608
-2.4696	0.041609
-2.4345	0.025657
-2.3995	0.022688
-2.3645	0.014327
-2.3294	0.0091587
-2.2944	0.006318
-2.2594	0.0032584
-2.2244	0.002227
-2.1893	0.0011164
-2.1543	0.00069601
-2.1193	0.00034843
-2.0842	0.0001916
-2.0492	9.3199e-05
-2.0142	3.9782e-05
-1.9791	1.3568e-05
-1.9441	6.3044e-06
-1.9091	1.1825e-05
-1.8741	2.565e-05
-1.839	4.3073e-05
-1.804	6.137e-05
-1.769	7.8433e-05
-1.7339	9.0466e-05
-1.6989	0.00010004
-1.6639	0.00010583
-1.6289	0.00010803
-1.5938	0.00010749
-1.5588	0.00010493
-1.5238	0.00010134
-1.4887	9.8322e-05
-1.4537	9.8381e-05
-1.4187	0.0001053
-1.3837	0.00012551
-1.3486	0.00018074
-1.3136	0.00034842
-1.2786	0.0012131
-1.2435	0.071538
-1.2085	0.03792
-1.1735	0.065222
-1.1384	0.011327
-1.1034	0.0030229
-1.0684	0.0048796
-1.0334	0.0022614
-0.99833	0.012487
-0.9633	0.0007518
-0.92827	0.000303
-0.89324	0.0010525
-0.85822	9.2517e-05
-0.82319	5.7837e-05
-0.78816	0.00020738
-0.75313	6.0916e-05
-0.7181	5.6351e-05
-0.68307	0.00037077
-0.64804	6.9899e-05
-0.61301	0.00069483
-0.57798	8.9225e-05
-0.54295	0.00025936
-0.50792	0.0033072
-0.47289	0.00017617
-0.43786	8.0165e-05
-0.40284	8.892e-05
-0.36781	0.00012802
-0.33278	0.0015432
-0.29775	0.00022052
-0.26272	9.7265e-05
-0.22769	7.8603e-05
-0.19266	4.4479e-05
-0.15763	6.6134e-05
-0.1226	0.00019991
-0.087573	6.798e-05
-0.052544	1.5297e-05
-0.017515	1.3465e-05
0.017515	1.2975e-05
0.052544	1.4253e-05
0.087573	2.8041e-05
0.1226	1.4628e-05
0.15763	1.6264e-05
0.19266	3.4116e-05
0.22769	2.0729e-05
0.26272	4.8234e-05
0.29775	0.00010468
0.33278	8.745e-05
0.36781	4.9352e-05
0.40284	4.0488e-05
0.43786	2.5819e-05
0.47289	0.00046552
0.50792	3.0561e-05
0.54295	0.0001456
0.57798	2.1742e-05
0.61301	6.372e-05
0.64804	2.9387e-06
0.68307	2.0551e-06
0.7181	0.00016222
0.75313	5.4833e-05
0.78816	6.3993e-05
0.82319	0.00019443
0.85822	0.00039399
0.89324	0.0005965
0.92827	0.00091428
0.9633	0.0023106
0.99833	0.014426
1.0334	0.0020081
1.0684	0.008094
1.1034	0.0031574
1.1384	0.0044814
1.1735	0.0070366
1.2085	0.019813
1.2435	0.0053071
1.2786	0.0025547
1.3136	0.046795
1.3486	0.0089346
1.3837	0.13291
1.4187	0.067953
1.4537	0.082273
1.4887	0.076479
1.5238	0.0043463
1.5588	0.0014213
1.5938	0.00077071
1.6289	0.00050064
1.6639	0.00036617
1.6989	0.00028782
1.7339	0.00023876
1.769	0.00020767
1.804	0.00018897
1.839	0.00017872
1.8741	0.00017474
1.9091	0.00017562
1.9441	0.00018031
1.9791	0.00018776
2.0142	0.00019679
2.0492	0.00020567
2.0842	0.00021301
2.1193	0.00021729
2.1543	0.00021684
2.1893	0.00021065
2.2244	0.00019774
2.2594	0.00017776
2.2944	0.00015198
2.3294	0.00012519
2.3645	0.00011231
2.3995	0.00012926
2.4345	0.00031685
2.4696	0.0020398
2.5046	0.0097087
2.5396	0.028332
2.5746	0.049069
2.6097	0.053281
2.6447	0.049848
2.6797	0.0322
2.7148	0.017107
2.7498	0.011478
2.7848	0.014613
2.8198	0.025511
2.8549	0.04377
2.8899	0.063706
2.9249	0.085301
2.96	0.10218
2.995	0.10303
3.03	0.090619
3.0651	0.077193
3.1001	0.06067
3.1351	0.049679
3.1701	0.040166
3.2052	0.033725
3.2402	0.025745
3.2752	0.017481
3.3103	0.010476
3.3453	0.0061754
3.3803	0.0032565
3.4153	0.0024785
3.4504	0.0034728
3.4854	0.0061128
3.5204	0.010093
3.5555	0.01416
3.5905	0.019492
3.6255	0.023179
3.6606	0.026036
3.6956	0.029013
3.7306	0.030221
3.7656	0.029486
3.8007	0.027796
3.8357	0.024477
3.8707	0.020385
3.9058	0.01564
3.9408	0.010861
3.9758	0.0064826
4.0108	0.0031399
4.0459	0.0012714
4.0809	0.0011927
4.1159	0.003039
4.151	0.0068569
4.186	0.012525
4.221	0.01985
4.256	0.028287
4.2911	0.037179
4.3261	0.045826
4.3611	0.053776
4.3962	0.060381
4.4312	0.065152
4.4662	0.067716
4.5013	0.067736
4.5363	0.065194
4.5713	0.060315
4.6063	0.053521
4.6414	0.045323
4.6764	0.036176
4.7114	0.026698
4.7465	0.01775
4.7815	0.010135
4.8165	0.0044
4.8515	0.001003
4.8866	9.2579e-05
4.9216	0.0018049
4.9566	0.0061253
4.9917	0.012746
5.0267	0.021164
5.0617	0.030687
5.0967	0.040502
5.1318	0.050193
5.1668	0.058988
5.2018	0.066399
5.2369	0.071824
5.2719	0.074898
5.3069	0.075456
5.342	0.073652
5.377	0.069844
5.412	0.064215
5.447	0.057319
5.4821	0.049658
5.5171	0.041946
5.5521	0.034892
5.5872	0.028876
5.6222	0.024346
5.6572	0.021374
5.6922	0.020071
5.7273	0.020403
5.7623	0.02208
5.7973	0.024694
5.8324	0.027702
5.8674	0.030648
5.9024	0.033009
5.9374	0.034381
5.9725	0.03436
6.0075	0.032736
6.0425	0.029531
6.0776	0.025034
6.1126	0.019621
6.1476	0.013705
6.1827	0.0080038
6.2177	0.0033376
6.2527	0.00057684
6.2877	0.00056516
6.3228	0.0039547
6.3578	0.01116
6.3928	0.022722
6.4279	0.038763
6.4629	0.05947
6.4979	0.084292
6.5329	0.11224
6.568	0.1422
6.603	0.17361
6.638	0.20533
6.6731	0.23612
6.7081	0.26512
6.7431	0.29065
6.7781	0.31145
6.8132	0.32691
6.8482	0.33652
6.8832	0.34011
6.9183	0.33761
6.9533	0.32903
6.9883	0.31468
7.0234	0.29549
7.0584	0.27247
7.0934	0.24697
7.1284	0.21935
7.1635	0.1909
7.1985	0.16208
7.2335	0.13419
7.2686	0.10827
7.3036	0.084932
7.3386	0.064791
7.3736	0.047509
7.4087	0.03334
7.4437	0.02198
7.4787	0.013449
7.5138	0.0074403
7.5488	0.0035902
7.5838	0.0013691
7.6188	0.00034266
7.6539	0.00011477
7.6889	0.00034391
7.7239	0.00075645
7.759	0.0011369
7.794	0.001353
7.829	0.0013589
7.8641	0.0011703
7.8991	0.0008403
7.9341	0.00046253
7.9691	0.00014636
8.0042	1.1763e-05
8.0392	0.00015523
8.0742	0.00064225
8.1093	0.0014936
8.1443	0.0027241
8.1793	0.004324
8.2143	0.006214
8.2494	0.0082852
8.2844	0.010408
8.3194	0.012433
8.3545	0.014271
8.3895	0.015853
8.4245	0.017068
8.4595	0.017837
8.4946	0.018118
8.5296	0.017907
8.5646	0.017244
8.5997	0.016203
8.6347	0.014825
8.6697	0.013201
8.7048	0.0114
8.7398	0.0095409
8.7748	0.0077362
8.8098	0.0060709
8.8449	0.0045769
8.8799	0.0033
8.9149	0.0022655
8.95	0.0014715
8.985	0.00092522
9.02	0.00060188
9.055	0.000465
9.0901	0.0004669
9.1251	0.00056297
9.1601	0.00071568
9.1952	0.00088505
9.2302	0.0010384
9.2652	0.0011501
9.3003	0.0012052
9.3353	0.0012013
9.3703	0.0011396
9.4053	0.0010285
9.4404	0.00087888
9.4754	0.00070606
9.5104	0.00052965
9.5455	0.00036418
9.5805	0.00022422
9.6155	0.00011462
9.6505	4.191e-05
9.6856	6.9076e-06
9.7206	8.7383e-06
9.7556	4.1634e-05
9.7907	9.6557e-05
9.8257	0.0001647
9.8607	0.0002369
9.8957	0.0003047
9.9308	0.00036201
9.9658	0.00040264
10.001	0.00042281
10.036	0.00042191
10.071	0.00040232
10.106	0.00036663
10.141	0.0003192
10.176	0.00026339
10.211	0.00020556
10.246	0.00015008
10.281	0.00010136
10.316	6.2425e-05
10.351	3.3437e-05
10.386	1.5724e-05
10.421	7.6416e-06
10.456	8.2317e-06
10.491	1.5275e-05
10.526	2.6213e-05
10.561	3.8007e-05
10.596	4.9385e-05
10.631	5.817e-05
10.666	6.3549e-05
10.701	6.4851e-05
10.736	6.2146e-05
10.771	5.6066e-05
10.807	4.7768e-05
10.842	3.8231e-05
10.877	2.8598e-05
10.912	1.9624e-05
10.947	1.2019e-05
10.982	6.3363e-06
11.017	2.7012e-06
11.052	8.6398e-07
11.087	3.8017e-07
11.122	7.8865e-07
11.157	1.6242e-06
11.192	2.5242e-06
11.227	3.2612e-06
11.262	3.8172e-06
11.297	4.3746e-06
11.332	5.237e-06
11.367	6.7682e-06
11.402	9.3413e-06
11.437	1.317e-05
11.472	1.821e-05
11.507	2.4103e-05
11.542	3.0228e-05
11.577	3.5764e-05
11.612	3.9803e-05
11.647	4.1568e-05
11.682	4.0332e-05
11.717	3.5929e-05
11.752	2.9007e-05
11.787	2.1215e-05
11.822	1.5216e-05
11.857	1.4499e-05
11.892	2.3793e-05
11.927	4.9353e-05
11.962	9.7454e-05
11.997	0.00017481
12.033	0.00028698
12.068	0.00043665
12.103	0.00063068
12.138	0.00086944
12.173	0.0011582
12.208	0.0014918
12.243	0.0018617
12.278	0.0022601
12.313	0.0026565
12.348	0.0030689
12.383	0.0034629
12.418	0.003835
12.453	0.0041635
12.488	0.0044303
12.523	0.004624
12.558	0.0047292
12.593	0.0047529
12.628	0.0046865
12.663	0.0045364
12.698	0.0043007
12.733	0.0039887
12.768	0.003625
12.803	0.0032214
12.838	0.0027985
12.873	0.0023627
12.908	0.0019458
12.943	0.0015414
12.978	0.0011778
13.013	0.00086566
13.048	0.00060528
13.083	0.0004064
13.118	0.00025442
13.153	0.00014827
13.188	8.0731e-05
13.224	4.3733e-05
13.259	2.7772e-05
13.294	2.3182e-05
13.329	2.2764e-05
13.364	2.145e-05
13.399	1.7117e-05
13.434	1.0491e-05
13.469	5.605e-06
13.504	9.1223e-06
13.539	2.9582e-05
13.574	7.4418e-05
13.609	0.00015437
13.644	0.00027662
13.679	0.00045022
13.714	0.00067443
13.749	0.00094657
13.784	0.0012627
13.819	0.0016025
13.854	0.0019627
13.889	0.0023209
13.924	0.0026689
13.959	0.0029762
13.994	0.0032212
14.029	0.0033871
14.064	0.0034651
14.099	0.0034492
14.134	0.0033379
14.169	0.0031319
14.204	0.0028394
14.239	0.0024815
14.274	0.002082
14.309	0.001667
14.344	0.0012647
14.379	0.00089096
14.415	0.00056652
14.45	0.00031647
14.485	0.00015683
14.52	9.2402e-05
14.555	0.00011961
14.59	0.00022901
14.625	0.00040538
14.66	0.00063144
14.695	0.00088385
14.73	0.0011327
14.765	0.0013508
14.8	0.0015143
14.835	0.001611
14.87	0.0016309
14.905	0.0015686
14.94	0.0014261
14.975	0.0012188
15.01	0.00096808
15.045	0.00070186
15.08	0.00045098
15.115	0.0002391
15.15	9.3145e-05
15.185	4.1969e-05
15.22	0.00010439
15.255	0.00028851
15.29	0.00058991
15.325	0.0009861
15.36	0.0014778
15.395	0.0020296
15.43	0.002608
15.465	0.0031665
15.5	0.0036601
15.535	0.0040585
15.57	0.0043202
15.606	0.004441
15.641	0.0044006
15.676	0.0041924
15.711	0.0038308
15.746	0.0033439
15.781	0.0027757
15.816	0.002161
15.851	0.0015472
15.886	0.00097971
15.921	0.00050947
15.956	0.00017529
15.991	1.5588e-05
16.026	4.553e-05
16.061	0.00026637
16.096	0.00066596
16.131	0.0012248
16.166	0.0019137
16.201	0.0026888
16.236	0.0034833
16.271	0.0042384
16.306	0.0049211
16.341	0.0054632
16.376	0.0058581
16.411	0.0060681
16.446	0.0060803
16.481	0.0058992
16.516	0.0055506
16.551	0.0050794
16.586	0.0045148
16.621	0.0039041
16.656	0.003298
16.691	0.0027466
16.726	0.0022914
16.761	0.0019718
16.796	0.0017989
16.832	0.0017727
16.867	0.00188
16.902	0.0020984
16.937	0.0023933
16.972	0.002711
17.007	0.0030015
17.042	0.0032199
17.077	0.0033266
17.112	0.0032958
17.147	0.0031056
17.182	0.0027599
17.217	0.0022804
17.252	0.0017167
17.287	0.0011327
17.322	0.00061104
17.357	0.00020804
17.392	2.7147e-05
17.427	0.00016353
17.462	0.00069791
17.497	0.001683
17.532	0.0031565
17.567	0.0051289
17.602	0.0075997
17.637	0.010533
17.672	0.013886
17.707	0.017548
17.742	0.021359
17.777	0.025129
17.812	0.028766
17.847	0.032202
17.882	0.035261
17.917	0.037832
17.952	0.039753
17.987	0.04096
18.023	0.041415
18.058	0.041134
18.093	0.040124
18.128	0.038486
18.163	0.036175
18.198	0.033354
18.233	0.030167
18.268	0.026781
18.303	0.023316
18.338	0.019785
18.373	0.016411
18.408	0.013202
18.443	0.010286
18.478	0.0077473
18.513	0.0055902
18.548	0.00387
18.583	0.0025239
18.618	0.0015109
18.653	0.00079808
18.688	0.00034993
18.723	0.00011275
18.758	2.2109e-05
18.793	2.5753e-05
18.828	7.7074e-05
18.863	0.00014106
18.898	0.00019187
18.933	0.00021417
18.968	0.00020283
19.003	0.00016303
19.038	0.00010764
19.073	5.1791e-05
19.108	1.2263e-05
19.143	7.9524e-06
19.178	5.5267e-05
19.214	0.00016443
19.249	0.00034014
19.284	0.00057967
19.319	0.0008729
19.354	0.0012163
19.389	0.001589
19.424	0.0019745
19.459	0.0023454
19.494	0.002678
19.529	0.0029483
19.564	0.003155
19.599	0.0032825
19.634	0.0033241
19.669	0.0032767
19.704	0.0031442
19.739	0.0029392
19.774	0.0026791
19.809	0.0023757
19.844	0.0020457
19.879	0.0017087
19.914	0.0013715
19.949	0.00106
19.984	0.00078706
20.019	0.00055671
20.054	0.00037504
20.089	0.00023833
20.124	0.00014903
20.159	9.8679e-05
20.194	8.3191e-05
20.229	9.2241e-05
20.264	0.00011544
20.299	0.00014314
20.334	0.00016987
20.369	0.00019153
20.405	0.00020414
20.44	0.0002101
20.475	0.00020997
20.51	0.00020708
20.545	0.00020366
20.58	0.0002002
20.615	0.00019819
20.65	0.00019689
20.685	0.00019616
20.72	0.00019632
20.755	0.00019573
20.79	0.00019581
20.825	0.00019601
20.86	0.00019544
20.895	0.00019578
20.93	0.0001952
20.965	0.00019582
21	0.00019535
