-21	0.00081374
-20.971	0.0008154
-20.942	0.00081759
-20.912	0.00081639
-20.883	0.00081306
-20.854	0.00081375
-20.825	0.00081582
-20.796	0.00081476
-20.767	0.00081123
-20.737	0.000811
-20.708	0.00081265
-20.679	0.00081131
-20.65	0.00080517
-20.621	0.00079809
-20.591	0.00078797
-20.562	0.00077263
-20.533	0.00074224
-20.504	0.00069671
-20.475	0.00064334
-20.445	0.00057794
-20.416	0.00049333
-20.387	0.00040401
-20.358	0.00031581
-20.329	0.00022628
-20.3	0.00015114
-20.27	9.5049e-05
-20.241	5.6949e-05
-20.212	4.4321e-05
-20.183	5.5696e-05
-20.154	8.8908e-05
-20.124	0.00014311
-20.095	0.00020723
-20.066	0.00027976
-20.037	0.00035837
-20.008	0.00043236
-19.978	0.00049639
-19.949	0.00055232
-19.92	0.00059436
-19.891	0.00061909
-19.862	0.0006295
-19.833	0.00062541
-19.803	0.00060857
-19.774	0.00058454
-19.745	0.00055485
-19.716	0.00052453
-19.687	0.00050025
-19.657	0.00048532
-19.628	0.00048386
-19.599	0.00049895
-19.57	0.00053287
-19.541	0.0005871
-19.511	0.00066155
-19.482	0.00075168
-19.453	0.00085409
-19.424	0.00096884
-19.395	0.001086
-19.366	0.0011975
-19.336	0.0013011
-19.307	0.0013899
-19.278	0.0014539
-19.249	0.0014915
-19.22	0.0014989
-19.19	0.0014714
-19.161	0.0014122
-19.132	0.0013224
-19.103	0.0011982
-19.074	0.0010552
-19.044	0.00090184
-19.015	0.00073023
-18.986	0.00055764
-18.957	0.00040506
-18.928	0.00026352
-18.899	0.00014334
-18.869	6.0166e-05
-18.84	1.2948e-05
-18.811	3.2953e-06
-18.782	3.4987e-05
-18.753	0.00010147
-18.723	0.00020356
-18.694	0.00033728
-18.665	0.00048491
-18.636	0.00064183
-18.607	0.0008058
-18.577	0.00095822
-18.548	0.0010864
-18.519	0.0011904
-18.49	0.0012612
-18.461	0.0012898
-18.432	0.0012785
-18.402	0.0012255
-18.373	0.0011326
-18.344	0.0010124
-18.315	0.00086629
-18.286	0.00070207
-18.256	0.0005355
-18.227	0.00038535
-18.198	0.00024955
-18.169	0.00014453
-18.14	8.2173e-05
-18.11	6.6064e-05
-18.081	0.000102
-18.052	0.00019125
-18.023	0.00032428
-17.994	0.00050715
-17.965	0.00072999
-17.935	0.00096839
-17.906	0.0012173
-17.877	0.0014769
-17.848	0.0017111
-17.819	0.0019042
-17.789	0.0020669
-17.76	0.0021723
-17.731	0.002211
-17.702	0.0021888
-17.673	0.0020962
-17.644	0.001944
-17.614	0.0017466
-17.585	0.0014985
-17.556	0.0012204
-17.527	0.00094762
-17.498	0.00067807
-17.468	0.00042544
-17.439	0.00022699
-17.41	9.0754e-05
-17.381	2.0512e-05
-17.352	3.4545e-05
-17.322	0.00012964
-17.293	0.00030997
-17.264	0.0005742
-17.235	0.00089824
-17.206	0.0012677
-17.177	0.0016841
-17.147	0.0021152
-17.118	0.0025225
-17.089	0.0029007
-17.06	0.0032393
-17.031	0.0035026
-17.001	0.0036772
-16.972	0.0037659
-16.943	0.0037562
-16.914	0.0036528
-16.885	0.0034721
-16.855	0.0032129
-16.826	0.0028962
-16.797	0.0025699
-16.768	0.0022284
-16.739	0.0018964
-16.71	0.0016256
-16.68	0.0014244
-16.651	0.0012988
-16.622	0.0012774
-16.593	0.0013576
-16.564	0.0015469
-16.534	0.0018399
-16.505	0.0021964
-16.476	0.0026141
-16.447	0.0030857
-16.418	0.0035419
-16.388	0.0039518
-16.359	0.0043128
-16.33	0.0045764
-16.301	0.0047055
-16.272	0.0047008
-16.243	0.004534
-16.213	0.0042143
-16.184	0.0037729
-16.155	0.0031917
-16.126	0.0025231
-16.097	0.001849
-16.067	0.001189
-16.038	0.00060569
-16.009	0.00019149
-15.98	1.3753e-05
-15.951	0.00013338
-15.921	0.00063603
-15.892	0.001559
-15.863	0.0029347
-15.834	0.0048733
-15.805	0.0073551
-15.776	0.010244
-15.746	0.013683
-15.717	0.017708
-15.688	0.022001
-15.659	0.026495
-15.63	0.031431
-15.6	0.036461
-15.571	0.041191
-15.542	0.046035
-15.513	0.050746
-15.484	0.054802
-15.454	0.05842
-15.425	0.061623
-15.396	0.064027
-15.367	0.065662
-15.338	0.066597
-15.309	0.066711
-15.279	0.066003
-15.25	0.0646
-15.221	0.062354
-15.192	0.059457
-15.163	0.056154
-15.133	0.052233
-15.104	0.047853
-15.075	0.043383
-15.046	0.038811
-15.017	0.033988
-14.987	0.029358
-14.958	0.024958
-14.929	0.020781
-14.9	0.016831
-14.871	0.013369
-14.842	0.010346
-14.812	0.0076502
-14.783	0.0054415
-14.754	0.0036826
-14.725	0.0023103
-14.696	0.0012871
-14.666	0.00061257
-14.637	0.00021955
-14.608	3.9877e-05
-14.579	3.7409e-05
-14.55	0.00015459
-14.521	0.0003458
-14.491	0.00058049
-14.462	0.00081286
-14.433	0.0010135
-14.404	0.0011814
-14.375	0.0012953
-14.345	0.0013505
-14.316	0.0013558
-14.287	0.0013147
-14.258	0.001242
-14.229	0.0011546
-14.199	0.0010596
-14.17	0.00097635
-14.141	0.00092085
-14.112	0.00089911
-14.083	0.00092127
-14.054	0.00098928
-14.024	0.0010997
-13.995	0.0012608
-13.966	0.0014576
-13.937	0.0016697
-13.908	0.0019021
-13.878	0.0021428
-13.849	0.0023609
-13.82	0.0025547
-13.791	0.002719
-13.762	0.0028334
-13.732	0.002891
-13.703	0.002897
-13.674	0.0028425
-13.645	0.0027298
-13.616	0.0025715
-13.587	0.0023664
-13.557	0.0021227
-13.528	0.0018566
-13.499	0.0015869
-13.47	0.0013028
-13.441	0.0010324
-13.411	0.00078925
-13.382	0.00056736
-13.353	0.00037771
-13.324	0.0002314
-13.295	0.00012637
-13.265	5.7877e-05
-13.236	2.9384e-05
-13.207	3.4553e-05
-13.178	6.8338e-05
-13.149	0.00012555
-13.12	0.0001942
-13.09	0.00027103
-13.061	0.00035217
-13.032	0.00042471
-13.003	0.00048439
-12.974	0.00053226
-12.944	0.00056199
-12.915	0.0005716
-12.886	0.00056334
-12.857	0.00053635
-12.828	0.00049456
-12.798	0.00044304
-12.769	0.00038103
-12.74	0.00031372
-12.711	0.00025003
-12.682	0.0001887
-12.653	0.00013214
-12.623	8.7192e-05
-12.594	5.3135e-05
-12.565	3.0359e-05
-12.536	1.9836e-05
-12.507	2.0664e-05
-12.477	3.1259e-05
-12.448	5.0068e-05
-12.419	7.4226e-05
-12.39	0.00010103
-12.361	0.00012855
-12.331	0.00015488
-12.302	0.00017669
-12.273	0.00019271
-12.244	0.00020295
-12.215	0.00020583
-12.186	0.0002018
-12.156	0.00019139
-12.127	0.00017472
-12.098	0.00015425
-12.069	0.00013158
-12.04	0.00010646
-12.01	8.1607e-05
-11.981	5.9731e-05
-11.952	3.9993e-05
-11.923	2.3393e-05
-11.894	1.1991e-05
-11.864	4.888e-06
-11.835	1.9359e-06
-11.806	3.1134e-06
-11.777	7.3625e-06
-11.748	1.4227e-05
-11.719	2.2762e-05
-11.689	3.1366e-05
-11.66	3.9629e-05
-11.631	4.7081e-05
-11.602	5.2536e-05
-11.573	5.5715e-05
-11.543	5.6698e-05
-11.514	5.525e-05
-11.485	5.1854e-05
-11.456	4.6859e-05
-11.427	4.0474e-05
-11.397	3.3607e-05
-11.368	2.684e-05
-11.339	2.0294e-05
-11.31	1.458e-05
-11.281	1.0174e-05
-11.252	7.0272e-06
-11.222	5.0673e-06
-11.193	4.297e-06
-11.164	4.434e-06
-11.135	5.1613e-06
-11.106	6.1961e-06
-11.076	7.1598e-06
-11.047	7.838e-06
-11.018	8.0854e-06
-10.989	7.8139e-06
-10.96	7.1339e-06
-10.931	6.2079e-06
-10.901	5.2482e-06
-10.872	4.6344e-06
-10.843	4.6483e-06
-10.814	5.5607e-06
-10.785	7.5539e-06
-10.755	1.0424e-05
-10.726	1.4297e-05
-10.697	1.8883e-05
-10.668	2.3306e-05
-10.639	2.7123e-05
-10.609	2.9865e-05
-10.58	3.0629e-05
-10.551	2.9157e-05
-10.522	2.5233e-05
-10.493	1.9094e-05
-10.464	1.2181e-05
-10.434	6.0771e-06
-10.405	3.1285e-06
-10.376	7.4737e-06
-10.347	2.25e-05
-10.318	5.5505e-05
-10.288	0.00011364
-10.259	0.00019797
-10.23	0.0003225
-10.201	0.00049316
-10.172	0.00071574
-10.142	0.00098817
-10.113	0.0013322
-10.084	0.0017497
-10.055	0.0022223
-10.026	0.0027606
-9.9965	0.0033704
-9.9673	0.0040411
-9.9382	0.0047338
-9.909	0.0054709
-9.8798	0.0062465
-9.8506	0.0070012
-9.8214	0.0077151
-9.7922	0.0084251
-9.763	0.0090684
-9.7338	0.0096019
-9.7047	0.010055
-9.6755	0.010395
-9.6463	0.010582
-9.6171	0.010637
-9.5879	0.010549
-9.5587	0.010297
-9.5295	0.0099149
-9.5003	0.0093969
-9.4712	0.0087355
-9.442	0.0079827
-9.4128	0.0071816
-9.3836	0.006288
-9.3544	0.0053623
-9.3252	0.0044867
-9.296	0.0036231
-9.2669	0.0027903
-9.2377	0.0020666
-9.2085	0.0014566
-9.1793	0.0009444
-9.1501	0.00055827
-9.1209	0.00031636
-9.0917	0.00020022
-9.0625	0.00020485
-9.0334	0.00031937
-9.0042	0.00051948
-8.975	0.00079702
-8.9458	0.0011276
-8.9166	0.0014681
-8.8874	0.0018083
-8.8582	0.0021427
-8.829	0.0024286
-8.7999	0.0026511
-8.7707	0.0028205
-8.7415	0.0029202
-8.7123	0.0029505
-8.6831	0.0029259
-8.6539	0.0028512
-8.6247	0.0027467
-8.5956	0.0026383
-8.5664	0.0025347
-8.5372	0.002462
-8.508	0.0024415
-8.4788	0.0024896
-8.4496	0.0026217
-8.4204	0.0028404
-8.3912	0.0031351
-8.3621	0.0035277
-8.3329	0.0039954
-8.3037	0.0044963
-8.2745	0.0050285
-8.2453	0.0055815
-8.2161	0.0060928
-8.1869	0.0065246
-8.1577	0.0068898
-8.1286	0.0071313
-8.0994	0.0072275
-8.0702	0.0071791
-8.041	0.0069623
-8.0118	0.0065842
-7.9826	0.0060834
-7.9534	0.0054354
-7.9243	0.0046718
-7.8951	0.0038848
-7.8659	0.0030756
-7.8367	0.0022553
-7.8075	0.0015176
-7.7783	0.0009066
-7.7491	0.00042613
-7.7199	0.00011487
-7.6908	1.0596e-05
-7.6616	0.00010402
-7.6324	0.00041088
-7.6032	0.00091045
-7.574	0.0015417
-7.5448	0.0023193
-7.5156	0.0032003
-7.4864	0.0040811
-7.4573	0.0049263
-7.4281	0.0057353
-7.3989	0.0063974
-7.3697	0.0068681
-7.3405	0.0071586
-7.3113	0.0072161
-7.2821	0.0070368
-7.253	0.0066462
-7.2238	0.0060372
-7.1946	0.0052585
-7.1654	0.0044115
-7.1362	0.0034847
-7.107	0.0025527
-7.0778	0.0017348
-7.0486	0.0010696
-7.0195	0.00059679
-6.9903	0.00039315
-6.9611	0.00048397
-6.9319	0.00088983
-6.9027	0.0016343
-6.8735	0.0026377
-6.8443	0.0038812
-6.8151	0.0053684
-6.786	0.0069685
-6.7568	0.0085318
-6.7276	0.010102
-6.6984	0.01155
-6.6692	0.012699
-6.64	0.01355
-6.6108	0.01406
-6.5817	0.014133
-6.5525	0.013786
-6.5233	0.013036
-6.4941	0.011858
-6.4649	0.01039
-6.4357	0.0087542
-6.4065	0.0069133
-6.3773	0.0050722
-6.3482	0.0034151
-6.319	0.0019771
-6.2898	0.00086023
-6.2606	0.0002432
-6.2314	0.00015782
-6.2022	0.00066312
-6.173	0.0017963
-6.1438	0.0034359
-6.1147	0.0056325
-6.0855	0.0083457
-6.0563	0.011305
-6.0271	0.01438
-5.9979	0.017582
-5.9687	0.020667
-5.9395	0.023304
-5.9104	0.025571
-5.8812	0.027322
-5.852	0.028353
-5.8228	0.028692
-5.7936	0.028322
-5.7644	0.027228
-5.7352	0.025613
-5.706	0.023515
-5.6769	0.021018
-5.6477	0.01848
-5.6185	0.01608
-5.5893	0.013881
-5.5601	0.012147
-5.5309	0.011128
-5.5017	0.010852
-5.4726	0.011458
-5.4434	0.01293
-5.4142	0.015196
-5.385	0.018294
-5.3558	0.022017
-5.3266	0.025955
-5.2974	0.030006
-5.2682	0.034053
-5.2391	0.03752
-5.2099	0.04012
-5.1807	0.041805
-5.1515	0.042222
-5.1223	0.041288
-5.0931	0.039015
-5.0639	0.035222
-5.0347	0.030298
-5.0056	0.02474
-4.9764	0.018452
-4.9472	0.012111
-4.918	0.0067109
-4.8888	0.0025404
-4.8596	0.00031286
-4.8304	0.00094393
-4.8013	0.0049093
-4.7721	0.013059
-4.7429	0.026271
-4.7137	0.043863
-4.6845	0.066883
-4.6553	0.096285
-4.6261	0.13073
-4.5969	0.16908
-4.5678	0.21278
-4.5386	0.26147
-4.5094	0.31088
-4.4802	0.36246
-4.451	0.41651
-4.4218	0.46892
-4.3926	0.51731
-4.3634	0.56491
-4.3343	0.60819
-4.3051	0.64378
-4.2759	0.67342
-4.2467	0.69658
-4.2175	0.7101
-4.1883	0.71508
-4.1591	0.71278
-4.13	0.69995
-4.1008	0.68044
-4.0716	0.656
-4.0424	0.61973
-4.0132	0.57917
-3.984	0.53622
-3.9548	0.48523
-3.9256	0.43464
-3.8965	0.38528
-3.8673	0.33479
-3.8381	0.283
-3.8089	0.23449
-3.7797	0.19112
-3.7505	0.15363
-3.7213	0.11818
-3.6921	0.088408
-3.663	0.064387
-3.6338	0.043221
-3.6046	0.027255
-3.5754	0.017517
-3.5462	0.0095648
-3.517	0.0039837
-3.4878	0.001638
-3.4587	0.0011846
-3.4295	0.0020721
-3.4003	0.0038237
-3.3711	0.005894
-3.3419	0.0072464
-3.3127	0.0078515
-3.2835	0.0094361
-3.2543	0.010349
-3.2252	0.011668
-3.196	0.011417
-3.1668	0.01037
-3.1376	0.013311
-3.1084	0.013887
-3.0792	0.01272
-3.05	0.019457
-3.0208	0.019113
-2.9917	0.024728
-2.9625	0.035273
-2.9333	0.030989
-2.9041	0.045998
-2.8749	0.058433
-2.8457	0.045103
-2.8165	0.065593
-2.7874	0.061659
-2.7582	0.047755
-2.729	0.063694
-2.6998	0.045222
-2.6706	0.035655
-2.6414	0.045885
-2.6122	0.026567
-2.583	0.020843
-2.5539	0.024455
-2.5247	0.012108
-2.4955	0.010758
-2.4663	0.0096915
-2.4371	0.0052587
-2.4079	0.0044299
-2.3787	0.0034083
-2.3495	0.0020755
-2.3204	0.0016638
-2.2912	0.0010701
-2.262	0.00078195
-2.2328	0.00057078
-2.2036	0.00040229
-2.1744	0.00028339
-2.1452	0.00019768
-2.1161	0.00012943
-2.0869	8.1782e-05
-2.0577	4.6377e-05
-2.0285	2.6975e-05
-1.9993	1.8913e-05
-1.9701	1.9448e-05
-1.9409	2.978e-05
-1.9117	4.5307e-05
-1.8826	6.6191e-05
-1.8534	8.9359e-05
-1.8242	0.00011509
-1.795	0.00014206
-1.7658	0.00016752
-1.7366	0.00019229
-1.7074	0.00021897
-1.6782	0.00024366
-1.6491	0.00026459
-1.6199	0.00029173
-1.5907	0.00032747
-1.5615	0.00036999
-1.5323	0.00042604
-1.5031	0.00053862
-1.4739	0.00079209
-1.4448	0.0014447
-1.4156	0.0061624
-1.3864	0.094287
-1.3572	0.057618
-1.328	0.015353
-1.2988	0.010933
-1.2696	0.0090348
-1.2404	0.0076427
-1.2113	0.011278
-1.1821	0.0044243
-1.1529	0.01169
-1.1237	0.0058101
-1.0945	0.0067102
-1.0653	0.0045023
-1.0361	0.0022509
-1.0069	0.00062242
-0.97776	0.00037036
-0.94858	0.0015135
-0.91939	0.0001626
-0.8902	0.00055292
-0.86101	6.44e-05
-0.83183	0.00037859
-0.80264	0.00022808
-0.77345	7.516e-05
-0.74427	0.00043964
-0.71508	0.0010656
-0.68589	0.00011019
-0.65671	0.00014785
-0.62752	0.00076511
-0.59833	0.00013764
-0.56915	0.0014609
-0.53996	0.00013897
-0.51077	0.0001275
-0.48158	0.00057763
-0.4524	0.00026199
-0.42321	7.4948e-05
-0.39402	4.9868e-05
-0.36484	4.3036e-05
-0.33565	4.0602e-05
-0.30646	4.326e-05
-0.27728	4.5469e-05
-0.24809	4.2802e-05
-0.2189	2.3486e-05
-0.18972	1.4158e-05
-0.16053	9.4119e-06
-0.13134	7.1696e-06
-0.10215	6.147e-06
-0.072967	5.8202e-06
-0.04378	6.3563e-06
-0.014593	1.0013e-05
0.014593	1.354e-05
0.04378	7.4349e-06
0.072967	8.0469e-06
0.10215	9.2303e-06
0.13134	1.1222e-05
0.16053	1.3716e-05
0.18972	4.1443e-05
0.2189	2.4264e-05
0.24809	2.7676e-05
0.27728	0.00039118
0.30646	3.753e-05
0.33565	0.00019195
0.36484	5.602e-05
0.39402	0.00018793
0.42321	0.00044255
0.4524	5.2446e-05
0.48158	0.00044753
0.51077	0.00010205
0.53996	7.2561e-05
0.56915	0.00044278
0.59833	7.9693e-05
0.62752	2.361e-05
0.65671	1.3864e-05
0.68589	4.0845e-06
0.71508	3.0114e-05
0.74427	0.00013029
0.77345	0.00025025
0.80264	0.00050974
0.83183	0.0012012
0.86101	0.0035042
0.8902	0.0045413
0.91939	0.0021903
0.94858	0.0021436
0.97776	0.0083605
1.0069	0.0062422
1.0361	0.0020131
1.0653	0.0018087
1.0945	0.0031288
1.1237	0.03167
1.1529	0.017305
1.1821	0.017846
1.2113	0.023716
1.2404	0.04242
1.2696	0.0070928
1.2988	0.057039
1.328	0.067129
1.3572	0.066511
1.3864	0.012204
1.4156	0.10237
1.4448	0.10749
1.4739	0.019188
1.5031	0.13556
1.5323	0.060652
1.5615	0.15453
1.5907	0.03345
1.6199	0.20915
1.6491	0.055769
1.6782	0.029033
1.7074	0.027464
1.7366	0.022043
1.7658	0.020748
1.795	0.011493
1.8242	0.0034468
1.8534	0.00050116
1.8826	4.1741e-05
1.9117	6.2457e-06
1.9409	4.3502e-05
1.9701	0.00013312
1.9993	0.00017912
2.0285	0.00019282
2.0577	0.00022849
2.0869	0.00028147
2.1161	0.00033851
2.1452	0.00039677
2.1744	0.0004538
2.2036	0.00051026
2.2328	0.00056809
2.262	0.00062719
2.2912	0.0006879
2.3204	0.00075731
2.3495	0.00087416
2.3787	0.0011637
2.4079	0.0014284
2.4371	0.0014401
2.4663	0.0015464
2.4955	0.0025234
2.5247	0.0048869
2.5539	0.0097791
2.583	0.015869
2.6122	0.020908
2.6414	0.025639
2.6706	0.027535
2.6998	0.029188
2.729	0.027827
2.7582	0.023131
2.7874	0.019809
2.8165	0.014291
2.8457	0.011198
2.8749	0.0096631
2.9041	0.010144
2.9333	0.015715
2.9625	0.021988
2.9917	0.028055
3.0208	0.035218
3.05	0.039767
3.0792	0.041508
3.1084	0.039149
3.1376	0.034919
3.1668	0.029345
3.196	0.023334
3.2252	0.017544
3.2543	0.013572
3.2835	0.0098746
3.3127	0.0071967
3.3419	0.0043399
3.3711	0.0022747
3.4003	0.00079849
3.4295	9.1618e-05
3.4587	0.00014741
3.4878	0.00094578
3.517	0.0023971
3.5462	0.0046887
3.5754	0.0069861
3.6046	0.0097908
3.6338	0.012967
3.663	0.015704
3.6921	0.017807
3.7213	0.019334
3.7505	0.02075
3.7797	0.021619
3.8089	0.021646
3.8381	0.021187
3.8673	0.019995
3.8965	0.017766
3.9256	0.015497
3.9548	0.01282
3.984	0.0099344
4.0132	0.0073547
4.0424	0.0049218
4.0716	0.0029231
4.1008	0.0015967
4.13	0.0009455
4.1591	0.0010488
4.1883	0.0019487
4.2175	0.0035622
4.2467	0.0058899
4.2759	0.0088394
4.3051	0.012072
4.3343	0.015459
4.3634	0.01902
4.3926	0.022303
4.4218	0.025054
4.451	0.027339
4.4802	0.028893
4.5094	0.029574
4.5386	0.029393
4.5678	0.028316
4.5969	0.026417
4.6261	0.023872
4.6553	0.020704
4.6845	0.017088
4.7137	0.013437
4.7429	0.009917
4.7721	0.0065278
4.8013	0.0037437
4.8304	0.0017162
4.8596	0.00047241
4.8888	0.00019096
4.918	0.00090238
4.9472	0.0025403
4.9764	0.0051863
5.0056	0.0085943
5.0347	0.012418
5.0639	0.016783
5.0931	0.021398
5.1223	0.025703
5.1515	0.02969
5.1807	0.033273
5.2099	0.036052
5.2391	0.037853
5.2682	0.038766
5.2974	0.038638
5.3266	0.037552
5.3558	0.035641
5.385	0.032889
5.4142	0.029583
5.4434	0.026087
5.4726	0.022472
5.5017	0.018903
5.5309	0.015865
5.5601	0.013512
5.5893	0.011842
5.6185	0.011119
5.6477	0.011356
5.6769	0.012543
5.706	0.014683
5.7352	0.017497
5.7644	0.020761
5.7936	0.024507
5.8228	0.028231
5.852	0.031587
5.8812	0.034506
5.9104	0.036671
5.9395	0.037783
5.9687	0.037792
5.9979	0.036555
6.0271	0.034072
6.0563	0.030612
6.0855	0.026189
6.1147	0.020968
6.1438	0.015606
6.173	0.010514
6.2022	0.0057702
6.2314	0.0021766
6.2606	0.00030658
6.2898	0.00041944
6.319	0.0031385
6.3482	0.0086317
6.3773	0.01707
6.4065	0.029146
6.4357	0.044705
6.4649	0.062666
6.4941	0.084171
6.5233	0.10911
6.5525	0.13529
6.5817	0.16283
6.6108	0.19238
6.64	0.22213
6.6692	0.25041
6.6984	0.2778
6.7276	0.30429
6.7568	0.32707
6.786	0.3461
6.8151	0.3624
6.8443	0.37421
6.8735	0.38109
6.9027	0.38367
6.9319	0.38138
6.9611	0.37433
6.9903	0.36359
7.0195	0.34837
7.0486	0.32959
7.0778	0.30847
7.107	0.28509
7.1362	0.25912
7.1654	0.23261
7.1946	0.20685
7.2238	0.1801
7.253	0.15393
7.2821	0.12999
7.3113	0.10755
7.3405	0.086415
7.3697	0.067984
7.3989	0.052477
7.4281	0.038695
7.4573	0.027205
7.4864	0.018497
7.5156	0.011682
7.5448	0.0065629
7.574	0.0032121
7.6032	0.0012557
7.6324	0.00028401
7.6616	0.00014697
7.6908	0.00055844
7.7199	0.0013014
7.7491	0.0022227
7.7783	0.003111
7.8075	0.0038672
7.8367	0.0044583
7.8659	0.00482
7.8951	0.0049365
7.9243	0.0048579
7.9534	0.0046054
7.9826	0.0042446
8.0118	0.0038617
8.041	0.0034896
8.0702	0.0031993
8.0994	0.0030584
8.1286	0.0030924
8.1577	0.0033388
8.1869	0.0037961
8.2161	0.0044312
8.2453	0.0052753
8.2745	0.006271
8.3037	0.0073318
8.3329	0.0084388
8.3621	0.0095718
8.3912	0.010614
8.4204	0.011497
8.4496	0.012255
8.4788	0.0128
8.508	0.013093
8.5372	0.013159
8.5664	0.012966
8.5956	0.012524
8.6247	0.011893
8.6539	0.011051
8.6831	0.010031
8.7123	0.0089489
8.7415	0.0078001
8.7707	0.0065846
8.7999	0.0054054
8.829	0.0043342
8.8582	0.00331
8.8874	0.0023905
8.9166	0.0016481
8.9458	0.0010461
8.975	0.00057442
9.0042	0.00025849
9.0334	8.248e-05
9.0625	1.9326e-05
9.0917	5.682e-05
9.1209	0.00016754
9.1501	0.00033014
9.1793	0.00052976
9.2085	0.00073493
9.2377	0.00092401
9.2669	0.0010925
9.296	0.0012271
9.3252	0.0013124
9.3544	0.0013505
9.3836	0.0013414
9.4128	0.0012858
9.442	0.0011966
9.4712	0.0010748
9.5003	0.00092757
9.5295	0.00077332
9.5587	0.00062089
9.5879	0.00046726
9.6171	0.00033044
9.6463	0.0002171
9.6755	0.00012494
9.7047	5.7097e-05
9.7338	1.7469e-05
9.763	2.0153e-06
9.7922	7.7249e-06
9.8214	3.1724e-05
9.8506	6.7045e-05
9.8798	0.00011156
9.909	0.00016037
9.9382	0.00020636
9.9673	0.00024687
9.9965	0.00028056
10.026	0.00030349
10.055	0.00031486
10.084	0.0003153
10.113	0.00030442
10.142	0.0002843
10.172	0.00025775
10.201	0.00022542
10.23	0.00019022
10.259	0.00015482
10.288	0.00012216
10.318	9.1269e-05
10.347	6.5766e-05
10.376	4.6989e-05
10.405	3.3007e-05
10.434	2.4862e-05
10.464	2.2168e-05
10.493	2.3603e-05
10.522	2.8446e-05
10.551	3.5267e-05
10.58	4.2688e-05
10.609	5.0348e-05
10.639	5.6913e-05
10.668	6.1468e-05
10.697	6.4065e-05
10.726	6.434e-05
10.755	6.2331e-05
10.785	5.8625e-05
10.814	5.3131e-05
10.843	4.6523e-05
10.872	3.9868e-05
10.901	3.2989e-05
10.931	2.6377e-05
10.96	2.0777e-05
10.989	1.6192e-05
11.018	1.2474e-05
11.047	9.8049e-06
11.076	8.0687e-06
11.106	6.9685e-06
11.135	6.315e-06
11.164	5.9652e-06
11.193	5.7552e-06
11.222	5.6275e-06
11.252	5.6167e-06
11.281	5.828e-06
11.31	6.4293e-06
11.339	7.668e-06
11.368	9.7246e-06
11.397	1.2641e-05
11.427	1.6616e-05
11.456	2.1631e-05
11.485	2.715e-05
11.514	3.2928e-05
11.543	3.8715e-05
11.573	4.3426e-05
11.602	4.6395e-05
11.631	4.7278e-05
11.66	4.5347e-05
11.689	4.0686e-05
11.719	3.3622e-05
11.748	2.4457e-05
11.777	1.5367e-05
11.806	8.8542e-06
11.835	7.5166e-06
11.864	1.6187e-05
11.894	3.859e-05
11.923	8.0051e-05
11.952	0.00015116
11.981	0.0002522
12.01	0.00038715
12.04	0.00057508
12.069	0.00081496
12.098	0.001096
12.127	0.0014396
12.156	0.0018552
12.186	0.0023129
12.215	0.0028169
12.244	0.0033849
12.273	0.0039972
12.302	0.0046101
12.331	0.0052554
12.361	0.0059162
12.39	0.0065422
12.419	0.0071387
12.448	0.0076933
12.477	0.0081847
12.507	0.0085843
12.536	0.0088895
12.565	0.0090967
12.594	0.0091813
12.623	0.0091451
12.653	0.0090024
12.682	0.0087226
12.711	0.0083404
12.74	0.0078696
12.769	0.0072893
12.798	0.0066351
12.828	0.0059642
12.857	0.0052401
12.886	0.0044796
12.915	0.0037621
12.944	0.0030832
12.974	0.0024167
13.003	0.0018222
13.032	0.0013285
13.061	0.00089948
13.09	0.00054936
13.12	0.00030442
13.149	0.00014536
13.178	6.0625e-05
13.207	5.0811e-05
13.236	9.8002e-05
13.265	0.00019459
13.295	0.00032595
13.324	0.00046926
13.353	0.00061939
13.382	0.00076568
13.411	0.00089193
13.441	0.00099061
13.47	0.0010624
13.499	0.0011026
13.528	0.0011107
13.557	0.0010936
13.587	0.0010558
13.616	0.001005
13.645	0.00095277
13.674	0.00090558
13.703	0.00087364
13.732	0.00086627
13.762	0.00088921
13.791	0.00094841
13.82	0.0010448
13.849	0.0011724
13.878	0.0013349
13.908	0.0015305
13.937	0.0017356
13.966	0.0019428
13.995	0.0021556
14.024	0.0023494
14.054	0.0025059
14.083	0.0026277
14.112	0.0027017
14.141	0.0027163
14.17	0.0026761
14.199	0.0025714
14.229	0.0024056
14.258	0.0021996
14.287	0.0019499
14.316	0.0016563
14.345	0.0013625
14.375	0.001067
14.404	0.0007744
14.433	0.00051353
14.462	0.00030463
14.491	0.00014033
14.521	3.6645e-05
14.55	2.4103e-06
14.579	3.2643e-05
14.608	0.0001296
14.637	0.00028439
14.666	0.00047962
14.696	0.00071369
14.725	0.0009716
14.754	0.0012265
14.783	0.0014666
14.812	0.0016816
14.842	0.0018548
14.871	0.0019695
14.9	0.0020271
14.929	0.0020185
14.958	0.0019441
14.987	0.0018124
15.017	0.0016292
15.046	0.0013996
15.075	0.0011559
15.104	0.00090422
15.133	0.00065222
15.163	0.00043188
15.192	0.00026277
15.221	0.00014328
15.25	9.2971e-05
15.279	0.00011771
15.309	0.00021571
15.338	0.00039479
15.367	0.00063579
15.396	0.00091885
15.425	0.0012542
15.454	0.0016157
15.484	0.0019579
15.513	0.0022833
15.542	0.0025841
15.571	0.0028134
15.6	0.0029653
15.63	0.0030442
15.659	0.0030274
15.688	0.002924
15.717	0.0027359
15.746	0.002464
15.776	0.0021414
15.805	0.0017869
15.834	0.0013995
15.863	0.001019
15.892	0.0006809
15.921	0.00039155
15.951	0.00017205
15.98	4.778e-05
16.009	2.5629e-05
16.038	0.0001102
16.067	0.00030633
16.097	0.00059875
16.126	0.00097189
16.155	0.0014317
16.184	0.0019373
16.213	0.002439
16.243	0.0029543
16.272	0.0034487
16.301	0.0038586
16.33	0.0041908
16.359	0.0044368
16.388	0.0045655
16.418	0.0045764
16.447	0.0044782
16.476	0.0042626
16.505	0.0039705
16.534	0.0036172
16.564	0.0032012
16.593	0.0027767
16.622	0.0023879
16.651	0.0020316
16.68	0.0017396
16.71	0.0015585
16.739	0.0014817
16.768	0.0015256
16.797	0.0016906
16.826	0.0019576
16.855	0.00234
16.885	0.0027947
16.914	0.0032739
16.943	0.0037709
16.972	0.0042576
17.001	0.0046642
17.031	0.0049668
17.06	0.005151
17.089	0.0051773
17.118	0.005042
17.147	0.0047453
17.177	0.0042796
17.206	0.0036769
17.235	0.003001
17.264	0.0022653
17.293	0.0015174
17.322	0.00085906
17.352	0.00035848
17.381	5.4896e-05
17.41	5.4523e-05
17.439	0.00040053
17.468	0.0011641
17.498	0.0024433
17.527	0.0041685
17.556	0.0063515
17.585	0.0091753
17.614	0.012484
17.644	0.016069
17.673	0.020141
17.702	0.024679
17.731	0.029225
17.76	0.033777
17.789	0.038618
17.819	0.043254
17.848	0.047387
17.877	0.051401
17.906	0.055001
17.935	0.057822
17.965	0.060077
17.994	0.061737
18.023	0.062543
18.052	0.062625
18.081	0.06197
18.11	0.060524
18.14	0.05845
18.169	0.055782
18.198	0.052501
18.227	0.048796
18.256	0.044913
18.286	0.040607
18.315	0.036149
18.344	0.031775
18.373	0.027551
18.402	0.023355
18.432	0.019417
18.461	0.015852
18.49	0.012653
18.519	0.0097248
18.548	0.0072852
18.577	0.0052788
18.607	0.0035947
18.636	0.0022817
18.665	0.0013499
18.694	0.00069757
18.723	0.00027791
18.753	7.5804e-05
18.782	2.848e-05
18.811	9.0556e-05
18.84	0.00022619
18.869	0.0003877
18.899	0.00055621
18.928	0.00071376
18.957	0.00083192
18.986	0.00090735
19.015	0.0009435
19.044	0.00093649
19.074	0.00089869
19.103	0.00083775
19.132	0.00076495
19.161	0.00069805
19.19	0.00064751
19.22	0.00062267
19.249	0.00063437
19.278	0.00068672
19.307	0.00078294
19.336	0.00092667
19.366	0.0011041
19.395	0.001314
19.424	0.001551
19.453	0.0018009
19.482	0.0020422
19.511	0.0022759
19.541	0.0024904
19.57	0.0026647
19.599	0.002795
19.628	0.0028781
19.657	0.0029057
19.687	0.0028775
19.716	0.0028001
19.745	0.002666
19.774	0.0024876
19.803	0.0022824
19.833	0.0020429
19.862	0.0017796
19.891	0.0015194
19.92	0.0012636
19.949	0.0010061
19.978	0.00077246
20.008	0.00057344
20.037	0.00039606
20.066	0.00024961
20.095	0.00014358
20.124	7.0351e-05
20.154	2.5095e-05
20.183	9.5712e-06
20.212	1.5453e-05
20.241	3.8757e-05
20.27	7.2845e-05
20.3	0.00010847
20.329	0.00014465
20.358	0.00017751
20.387	0.00020186
20.416	0.00021913
20.445	0.00022899
20.475	0.0002328
20.504	0.00023438
20.533	0.00023344
20.562	0.0002304
20.591	0.00022718
20.621	0.00022609
20.65	0.00022586
20.679	0.00022501
20.708	0.00022348
20.737	0.00022358
20.767	0.00022449
20.796	0.00022448
20.825	0.00022321
20.854	0.00022307
20.883	0.00022403
20.912	0.00022443
20.942	0.00022323
20.971	0.00022273
21	0.00022354
