 -5.0000E+01  1.0489E-04
 -4.9975E+01  9.9128E-05
 -4.9950E+01  9.2290E-05
 -4.9925E+01  8.4663E-05
 -4.9900E+01  7.6577E-05
 -4.9875E+01  6.8394E-05
 -4.9850E+01  6.0494E-05
 -4.9825E+01  5.3255E-05
 -4.9800E+01  4.7045E-05
 -4.9775E+01  4.2199E-05
 -4.9750E+01  3.9011E-05
 -4.9725E+01  3.7717E-05
 -4.9700E+01  3.8485E-05
 -4.9675E+01  4.1406E-05
 -4.9650E+01  4.6490E-05
 -4.9625E+01  5.3662E-05
 -4.9600E+01  6.2763E-05
 -4.9575E+01  7.3557E-05
 -4.9550E+01  8.5739E-05
 -4.9525E+01  9.8943E-05
 -4.9500E+01  1.1276E-04
 -4.9475E+01  1.2675E-04
 -4.9450E+01  1.4047E-04
 -4.9425E+01  1.5347E-04
 -4.9400E+01  1.6534E-04
 -4.9375E+01  1.7570E-04
 -4.9350E+01  1.8424E-04
 -4.9325E+01  1.9071E-04
 -4.9300E+01  1.9494E-04
 -4.9275E+01  1.9686E-04
 -4.9250E+01  1.9650E-04
 -4.9225E+01  1.9395E-04
 -4.9200E+01  1.8942E-04
 -4.9175E+01  1.8316E-04
 -4.9150E+01  1.7552E-04
 -4.9125E+01  1.6687E-04
 -4.9100E+01  1.5761E-04
 -4.9075E+01  1.4817E-04
 -4.9050E+01  1.3896E-04
 -4.9025E+01  1.3035E-04
 -4.8999E+01  1.2268E-04
 -4.8974E+01  1.1621E-04
 -4.8949E+01  1.1114E-04
 -4.8924E+01  1.0757E-04
 -4.8899E+01  1.0552E-04
 -4.8874E+01  1.0491E-04
 -4.8849E+01  1.0556E-04
 -4.8824E+01  1.0725E-04
 -4.8799E+01  1.0965E-04
 -4.8774E+01  1.1242E-04
 -4.8749E+01  1.1517E-04
 -4.8724E+01  1.1754E-04
 -4.8699E+01  1.1916E-04
 -4.8674E+01  1.1973E-04
 -4.8649E+01  1.1904E-04
 -4.8624E+01  1.1694E-04
 -4.8599E+01  1.1343E-04
 -4.8574E+01  1.0865E-04
 -4.8549E+01  1.0285E-04
 -4.8524E+01  9.6446E-05
 -4.8499E+01  9.0011E-05
 -4.8474E+01  8.4237E-05
 -4.8449E+01  7.9942E-05
 -4.8424E+01  7.8044E-05
 -4.8399E+01  7.9529E-05
 -4.8374E+01  8.5422E-05
 -4.8349E+01  9.6750E-05
 -4.8324E+01  1.1450E-04
 -4.8299E+01  1.3958E-04
 -4.8274E+01  1.7277E-04
 -4.8249E+01  2.1471E-04
 -4.8224E+01  2.6583E-04
 -4.8199E+01  3.2636E-04
 -4.8174E+01  3.9626E-04
 -4.8149E+01  4.7523E-04
 -4.8124E+01  5.6273E-04
 -4.8099E+01  6.5790E-04
 -4.8074E+01  7.5966E-04
 -4.8049E+01  8.6666E-04
 -4.8024E+01  9.7733E-04
 -4.7999E+01  1.0899E-03
 -4.7974E+01  1.2026E-03
 -4.7949E+01  1.3134E-03
 -4.7924E+01  1.4202E-03
 -4.7899E+01  1.5212E-03
 -4.7874E+01  1.6143E-03
 -4.7849E+01  1.6978E-03
 -4.7824E+01  1.7701E-03
 -4.7799E+01  1.8296E-03
 -4.7774E+01  1.8753E-03
 -4.7749E+01  1.9063E-03
 -4.7724E+01  1.9219E-03
 -4.7699E+01  1.9219E-03
 -4.7674E+01  1.9065E-03
 -4.7649E+01  1.8759E-03
 -4.7624E+01  1.8309E-03
 -4.7599E+01  1.7725E-03
 -4.7574E+01  1.7020E-03
 -4.7549E+01  1.6209E-03
 -4.7524E+01  1.5307E-03
 -4.7499E+01  1.4333E-03
 -4.7474E+01  1.3305E-03
 -4.7449E+01  1.2242E-03
 -4.7424E+01  1.1160E-03
 -4.7399E+01  1.0080E-03
 -4.7374E+01  9.0158E-04
 -4.7349E+01  7.9837E-04
 -4.7324E+01  6.9965E-04
 -4.7299E+01  6.0656E-04
 -4.7274E+01  5.1998E-04
 -4.7249E+01  4.4059E-04
 -4.7224E+01  3.6881E-04
 -4.7199E+01  3.0487E-04
 -4.7174E+01  2.4876E-04
 -4.7149E+01  2.0030E-04
 -4.7124E+01  1.5913E-04
 -4.7099E+01  1.2478E-04
 -4.7074E+01  9.6653E-05
 -4.7049E+01  7.4079E-05
 -4.7024E+01  5.6355E-05
 -4.6998E+01  4.2762E-05
 -4.6973E+01  3.2595E-05
 -4.6948E+01  2.5190E-05
 -4.6923E+01  1.9945E-05
 -4.6898E+01  1.6333E-05
 -4.6873E+01  1.3913E-05
 -4.6848E+01  1.2341E-05
 -4.6823E+01  1.1368E-05
 -4.6798E+01  1.0834E-05
 -4.6773E+01  1.0667E-05
 -4.6748E+01  1.0867E-05
 -4.6723E+01  1.1495E-05
 -4.6698E+01  1.2657E-05
 -4.6673E+01  1.4487E-05
 -4.6648E+01  1.7131E-05
 -4.6623E+01  2.0731E-05
 -4.6598E+01  2.5411E-05
 -4.6573E+01  3.1260E-05
 -4.6548E+01  3.8329E-05
 -4.6523E+01  4.6617E-05
 -4.6498E+01  5.6071E-05
 -4.6473E+01  6.6581E-05
 -4.6448E+01  7.7987E-05
 -4.6423E+01  9.0077E-05
 -4.6398E+01  1.0260E-04
 -4.6373E+01  1.1527E-04
 -4.6348E+01  1.2777E-04
 -4.6323E+01  1.3981E-04
 -4.6298E+01  1.5105E-04
 -4.6273E+01  1.6121E-04
 -4.6248E+01  1.7001E-04
 -4.6223E+01  1.7723E-04
 -4.6198E+01  1.8267E-04
 -4.6173E+01  1.8619E-04
 -4.6148E+01  1.8771E-04
 -4.6123E+01  1.8722E-04
 -4.6098E+01  1.8473E-04
 -4.6073E+01  1.8033E-04
 -4.6048E+01  1.7418E-04
 -4.6023E+01  1.6644E-04
 -4.5998E+01  1.5734E-04
 -4.5973E+01  1.4713E-04
 -4.5948E+01  1.3607E-04
 -4.5923E+01  1.2446E-04
 -4.5898E+01  1.1255E-04
 -4.5873E+01  1.0062E-04
 -4.5848E+01  8.8918E-05
 -4.5823E+01  7.7661E-05
 -4.5798E+01  6.7040E-05
 -4.5773E+01  5.7214E-05
 -4.5748E+01  4.8299E-05
 -4.5723E+01  4.0376E-05
 -4.5698E+01  3.3487E-05
 -4.5673E+01  2.7639E-05
 -4.5648E+01  2.2804E-05
 -4.5623E+01  1.8927E-05
 -4.5598E+01  1.5928E-05
 -4.5573E+01  1.3711E-05
 -4.5548E+01  1.2164E-05
 -4.5523E+01  1.1169E-05
 -4.5498E+01  1.0609E-05
 -4.5473E+01  1.0368E-05
 -4.5448E+01  1.0338E-05
 -4.5423E+01  1.0422E-05
 -4.5398E+01  1.0538E-05
 -4.5373E+01  1.0619E-05
 -4.5348E+01  1.0615E-05
 -4.5323E+01  1.0490E-05
 -4.5298E+01  1.0228E-05
 -4.5273E+01  9.8237E-06
 -4.5248E+01  9.2866E-06
 -4.5223E+01  8.6353E-06
 -4.5198E+01  7.8959E-06
 -4.5173E+01  7.0996E-06
 -4.5148E+01  6.2799E-06
 -4.5123E+01  5.4702E-06
 -4.5098E+01  4.7016E-06
 -4.5073E+01  4.0015E-06
 -4.5048E+01  3.3919E-06
 -4.5023E+01  2.8888E-06
 -4.4997E+01  2.5014E-06
 -4.4972E+01  2.2324E-06
 -4.4947E+01  2.0780E-06
 -4.4922E+01  2.0292E-06
 -4.4897E+01  2.0719E-06
 -4.4872E+01  2.1888E-06
 -4.4847E+01  2.3600E-06
 -4.4822E+01  2.5650E-06
 -4.4797E+01  2.7832E-06
 -4.4772E+01  2.9951E-06
 -4.4747E+01  3.1839E-06
 -4.4722E+01  3.3352E-06
 -4.4697E+01  3.4383E-06
 -4.4672E+01  3.4862E-06
 -4.4647E+01  3.4756E-06
 -4.4622E+01  3.4070E-06
 -4.4597E+01  3.2839E-06
 -4.4572E+01  3.1127E-06
 -4.4547E+01  2.9020E-06
 -4.4522E+01  2.6617E-06
 -4.4497E+01  2.4026E-06
 -4.4472E+01  2.1355E-06
 -4.4447E+01  1.8708E-06
 -4.4422E+01  1.6179E-06
 -4.4397E+01  1.3847E-06
 -4.4372E+01  1.1774E-06
 -4.4347E+01  1.0004E-06
 -4.4322E+01  8.5602E-07
 -4.4297E+01  7.4473E-07
 -4.4272E+01  6.6534E-07
 -4.4247E+01  6.1514E-07
 -4.4222E+01  5.9032E-07
 -4.4197E+01  5.8624E-07
 -4.4172E+01  5.9780E-07
 -4.4147E+01  6.1979E-07
 -4.4122E+01  6.4718E-07
 -4.4097E+01  6.7540E-07
 -4.4072E+01  7.0053E-07
 -4.4047E+01  7.1942E-07
 -4.4022E+01  7.2982E-07
 -4.3997E+01  7.3034E-07
 -4.3972E+01  7.2043E-07
 -4.3947E+01  7.0031E-07
 -4.3922E+01  6.7081E-07
 -4.3897E+01  6.3324E-07
 -4.3872E+01  5.8925E-07
 -4.3847E+01  5.4068E-07
 -4.3822E+01  4.8940E-07
 -4.3797E+01  4.3722E-07
 -4.3772E+01  3.8581E-07
 -4.3747E+01  3.3666E-07
 -4.3722E+01  2.9100E-07
 -4.3697E+01  2.4985E-07
 -4.3672E+01  2.1402E-07
 -4.3647E+01  1.8415E-07
 -4.3622E+01  1.6075E-07
 -4.3597E+01  1.4421E-07
 -4.3572E+01  1.3487E-07
 -4.3547E+01  1.3301E-07
 -4.3522E+01  1.3889E-07
 -4.3497E+01  1.5266E-07
 -4.3472E+01  1.7441E-07
 -4.3447E+01  2.0406E-07
 -4.3422E+01  2.4130E-07
 -4.3397E+01  2.8558E-07
 -4.3372E+01  3.3601E-07
 -4.3347E+01  3.9133E-07
 -4.3322E+01  4.4993E-07
 -4.3297E+01  5.0987E-07
 -4.3272E+01  5.6892E-07
 -4.3247E+01  6.2471E-07
 -4.3222E+01  6.7489E-07
 -4.3197E+01  7.1730E-07
 -4.3172E+01  7.5028E-07
 -4.3147E+01  7.7286E-07
 -4.3122E+01  7.8514E-07
 -4.3097E+01  7.8854E-07
 -4.3072E+01  7.8607E-07
 -4.3047E+01  7.8263E-07
 -4.3022E+01  7.8516E-07
 -4.2996E+01  8.0278E-07
 -4.2971E+01  8.4682E-07
 -4.2946E+01  9.3073E-07
 -4.2921E+01  1.0699E-06
 -4.2896E+01  1.2814E-06
 -4.2871E+01  1.5835E-06
 -4.2846E+01  1.9952E-06
 -4.2821E+01  2.5355E-06
 -4.2796E+01  3.2228E-06
 -4.2771E+01  4.0741E-06
 -4.2746E+01  5.1042E-06
 -4.2721E+01  6.3249E-06
 -4.2696E+01  7.7440E-06
 -4.2671E+01  9.3649E-06
 -4.2646E+01  1.1186E-05
 -4.2621E+01  1.3201E-05
 -4.2596E+01  1.5395E-05
 -4.2571E+01  1.7752E-05
 -4.2546E+01  2.0245E-05
 -4.2521E+01  2.2845E-05
 -4.2496E+01  2.5517E-05
 -4.2471E+01  2.8221E-05
 -4.2446E+01  3.0914E-05
 -4.2421E+01  3.3550E-05
 -4.2396E+01  3.6081E-05
 -4.2371E+01  3.8460E-05
 -4.2346E+01  4.0641E-05
 -4.2321E+01  4.2580E-05
 -4.2296E+01  4.4237E-05
 -4.2271E+01  4.5580E-05
 -4.2246E+01  4.6578E-05
 -4.2221E+01  4.7212E-05
 -4.2196E+01  4.7468E-05
 -4.2171E+01  4.7339E-05
 -4.2146E+01  4.6829E-05
 -4.2121E+01  4.5948E-05
 -4.2096E+01  4.4713E-05
 -4.2071E+01  4.3152E-05
 -4.2046E+01  4.1295E-05
 -4.2021E+01  3.9182E-05
 -4.1996E+01  3.6855E-05
 -4.1971E+01  3.4360E-05
 -4.1946E+01  3.1745E-05
 -4.1921E+01  2.9059E-05
 -4.1896E+01  2.6350E-05
 -4.1871E+01  2.3662E-05
 -4.1846E+01  2.1037E-05
 -4.1821E+01  1.8512E-05
 -4.1796E+01  1.6119E-05
 -4.1771E+01  1.3883E-05
 -4.1746E+01  1.1826E-05
 -4.1721E+01  9.9589E-06
 -4.1696E+01  8.2908E-06
 -4.1671E+01  6.8226E-06
 -4.1646E+01  5.5505E-06
 -4.1621E+01  4.4658E-06
 -4.1596E+01  3.5561E-06
 -4.1571E+01  2.8061E-06
 -4.1546E+01  2.1988E-06
 -4.1521E+01  1.7162E-06
 -4.1496E+01  1.3408E-06
 -4.1471E+01  1.0562E-06
 -4.1446E+01  8.4793E-07
 -4.1421E+01  7.0441E-07
 -4.1396E+01  6.1700E-07
 -4.1371E+01  5.8057E-07
 -4.1346E+01  5.9341E-07
 -4.1321E+01  6.5720E-07
 -4.1296E+01  7.7658E-07
 -4.1271E+01  9.5865E-07
 -4.1246E+01  1.2123E-06
 -4.1221E+01  1.5475E-06
 -4.1196E+01  1.9742E-06
 -4.1171E+01  2.5016E-06
 -4.1146E+01  3.1372E-06
 -4.1121E+01  3.8857E-06
 -4.1096E+01  4.7488E-06
 -4.1071E+01  5.7237E-06
 -4.1046E+01  6.8034E-06
 -4.1021E+01  7.9761E-06
 -4.0995E+01  9.2253E-06
 -4.0970E+01  1.0530E-05
 -4.0945E+01  1.1865E-05
 -4.0920E+01  1.3202E-05
 -4.0895E+01  1.4510E-05
 -4.0870E+01  1.5756E-05
 -4.0845E+01  1.6907E-05
 -4.0820E+01  1.7931E-05
 -4.0795E+01  1.8798E-05
 -4.0770E+01  1.9480E-05
 -4.0745E+01  1.9956E-05
 -4.0720E+01  2.0206E-05
 -4.0695E+01  2.0222E-05
 -4.0670E+01  2.0000E-05
 -4.0645E+01  1.9544E-05
 -4.0620E+01  1.8866E-05
 -4.0595E+01  1.7986E-05
 -4.0570E+01  1.6931E-05
 -4.0545E+01  1.5732E-05
 -4.0520E+01  1.4427E-05
 -4.0495E+01  1.3059E-05
 -4.0470E+01  1.1670E-05
 -4.0445E+01  1.0306E-05
 -4.0420E+01  9.0099E-06
 -4.0395E+01  7.8230E-06
 -4.0370E+01  6.7823E-06
 -4.0345E+01  5.9190E-06
 -4.0320E+01  5.2572E-06
 -4.0295E+01  4.8128E-06
 -4.0270E+01  4.5927E-06
 -4.0245E+01  4.5947E-06
 -4.0220E+01  4.8070E-06
 -4.0195E+01  5.2091E-06
 -4.0170E+01  5.7727E-06
 -4.0145E+01  6.4621E-06
 -4.0120E+01  7.2366E-06
 -4.0095E+01  8.0518E-06
 -4.0070E+01  8.8616E-06
 -4.0045E+01  9.6208E-06
 -4.0020E+01  1.0287E-05
 -3.9995E+01  1.0823E-05
 -3.9970E+01  1.1198E-05
 -3.9945E+01  1.1392E-05
 -3.9920E+01  1.1394E-05
 -3.9895E+01  1.1204E-05
 -3.9870E+01  1.0836E-05
 -3.9845E+01  1.0315E-05
 -3.9820E+01  9.6757E-06
 -3.9795E+01  8.9660E-06
 -3.9770E+01  8.2413E-06
 -3.9745E+01  7.5637E-06
 -3.9720E+01  6.9999E-06
 -3.9695E+01  6.6176E-06
 -3.9670E+01  6.4829E-06
 -3.9645E+01  6.6565E-06
 -3.9620E+01  7.1908E-06
 -3.9595E+01  8.1268E-06
 -3.9570E+01  9.4915E-06
 -3.9545E+01  1.1296E-05
 -3.9520E+01  1.3532E-05
 -3.9495E+01  1.6174E-05
 -3.9470E+01  1.9178E-05
 -3.9445E+01  2.2479E-05
 -3.9420E+01  2.5996E-05
 -3.9395E+01  2.9635E-05
 -3.9370E+01  3.3289E-05
 -3.9345E+01  3.6844E-05
 -3.9320E+01  4.0182E-05
 -3.9295E+01  4.3189E-05
 -3.9270E+01  4.5756E-05
 -3.9245E+01  4.7787E-05
 -3.9220E+01  4.9203E-05
 -3.9195E+01  4.9945E-05
 -3.9170E+01  4.9978E-05
 -3.9145E+01  4.9293E-05
 -3.9120E+01  4.7913E-05
 -3.9095E+01  4.5887E-05
 -3.9070E+01  4.3299E-05
 -3.9045E+01  4.0255E-05
 -3.9020E+01  3.6890E-05
 -3.8994E+01  3.3359E-05
 -3.8969E+01  2.9831E-05
 -3.8944E+01  2.6485E-05
 -3.8919E+01  2.3501E-05
 -3.8894E+01  2.1055E-05
 -3.8869E+01  1.9308E-05
 -3.8844E+01  1.8403E-05
 -3.8819E+01  1.8455E-05
 -3.8794E+01  1.9548E-05
 -3.8769E+01  2.1729E-05
 -3.8744E+01  2.5005E-05
 -3.8719E+01  2.9339E-05
 -3.8694E+01  3.4654E-05
 -3.8669E+01  4.0831E-05
 -3.8644E+01  4.7715E-05
 -3.8619E+01  5.5119E-05
 -3.8594E+01  6.2832E-05
 -3.8569E+01  7.0627E-05
 -3.8544E+01  7.8268E-05
 -3.8519E+01  8.5521E-05
 -3.8494E+01  9.2163E-05
 -3.8469E+01  9.7991E-05
 -3.8444E+01  1.0283E-04
 -3.8419E+01  1.0654E-04
 -3.8394E+01  1.0904E-04
 -3.8369E+01  1.1026E-04
 -3.8344E+01  1.1024E-04
 -3.8319E+01  1.0901E-04
 -3.8294E+01  1.0668E-04
 -3.8269E+01  1.0342E-04
 -3.8244E+01  9.9408E-05
 -3.8219E+01  9.4861E-05
 -3.8194E+01  9.0014E-05
 -3.8169E+01  8.5113E-05
 -3.8144E+01  8.0394E-05
 -3.8119E+01  7.6080E-05
 -3.8094E+01  7.2365E-05
 -3.8069E+01  6.9407E-05
 -3.8044E+01  6.7316E-05
 -3.8019E+01  6.6148E-05
 -3.7994E+01  6.5906E-05
 -3.7969E+01  6.6532E-05
 -3.7944E+01  6.7912E-05
 -3.7919E+01  6.9886E-05
 -3.7894E+01  7.2246E-05
 -3.7869E+01  7.4760E-05
 -3.7844E+01  7.7177E-05
 -3.7819E+01  7.9244E-05
 -3.7794E+01  8.0728E-05
 -3.7769E+01  8.1430E-05
 -3.7744E+01  8.1205E-05
 -3.7719E+01  7.9976E-05
 -3.7694E+01  7.7757E-05
 -3.7669E+01  7.4655E-05
 -3.7644E+01  7.0888E-05
 -3.7619E+01  6.6782E-05
 -3.7594E+01  6.2775E-05
 -3.7569E+01  5.9410E-05
 -3.7544E+01  5.7325E-05
 -3.7519E+01  5.7239E-05
 -3.7494E+01  5.9929E-05
 -3.7469E+01  6.6212E-05
 -3.7444E+01  7.6913E-05
 -3.7419E+01  9.2835E-05
 -3.7394E+01  1.1473E-04
 -3.7369E+01  1.4325E-04
 -3.7344E+01  1.7896E-04
 -3.7319E+01  2.2223E-04
 -3.7294E+01  2.7331E-04
 -3.7269E+01  3.3221E-04
 -3.7244E+01  3.9877E-04
 -3.7219E+01  4.7258E-04
 -3.7194E+01  5.5303E-04
 -3.7169E+01  6.3927E-04
 -3.7144E+01  7.3023E-04
 -3.7119E+01  8.2467E-04
 -3.7094E+01  9.2115E-04
 -3.7069E+01  1.0181E-03
 -3.7044E+01  1.1139E-03
 -3.7019E+01  1.2067E-03
 -3.6993E+01  1.2949E-03
 -3.6968E+01  1.3768E-03
 -3.6943E+01  1.4509E-03
 -3.6918E+01  1.5156E-03
 -3.6893E+01  1.5696E-03
 -3.6868E+01  1.6120E-03
 -3.6843E+01  1.6419E-03
 -3.6818E+01  1.6585E-03
 -3.6793E+01  1.6617E-03
 -3.6768E+01  1.6514E-03
 -3.6743E+01  1.6277E-03
 -3.6718E+01  1.5912E-03
 -3.6693E+01  1.5427E-03
 -3.6668E+01  1.4832E-03
 -3.6643E+01  1.4140E-03
 -3.6618E+01  1.3366E-03
 -3.6593E+01  1.2524E-03
 -3.6568E+01  1.1631E-03
 -3.6543E+01  1.0704E-03
 -3.6518E+01  9.7591E-04
 -3.6493E+01  8.8119E-04
 -3.6468E+01  7.8774E-04
 -3.6443E+01  6.9692E-04
 -3.6418E+01  6.0995E-04
 -3.6393E+01  5.2787E-04
 -3.6368E+01  4.5153E-04
 -3.6343E+01  3.8156E-04
 -3.6318E+01  3.1840E-04
 -3.6293E+01  2.6225E-04
 -3.6268E+01  2.1315E-04
 -3.6243E+01  1.7092E-04
 -3.6218E+01  1.3525E-04
 -3.6193E+01  1.0569E-04
 -3.6168E+01  8.1692E-05
 -3.6143E+01  6.2629E-05
 -3.6118E+01  4.7848E-05
 -3.6093E+01  3.6682E-05
 -3.6068E+01  2.8480E-05
 -3.6043E+01  2.2636E-05
 -3.6018E+01  1.8604E-05
 -3.5993E+01  1.5914E-05
 -3.5968E+01  1.4189E-05
 -3.5943E+01  1.3145E-05
 -3.5918E+01  1.2594E-05
 -3.5893E+01  1.2443E-05
 -3.5868E+01  1.2680E-05
 -3.5843E+01  1.3369E-05
 -3.5818E+01  1.4630E-05
 -3.5793E+01  1.6624E-05
 -3.5768E+01  1.9537E-05
 -3.5743E+01  2.3559E-05
 -3.5718E+01  2.8866E-05
 -3.5693E+01  3.5606E-05
 -3.5668E+01  4.3883E-05
 -3.5643E+01  5.3749E-05
 -3.5618E+01  6.5191E-05
 -3.5593E+01  7.8133E-05
 -3.5568E+01  9.2429E-05
 -3.5543E+01  1.0787E-04
 -3.5518E+01  1.2418E-04
 -3.5493E+01  1.4105E-04
 -3.5468E+01  1.5811E-04
 -3.5443E+01  1.7497E-04
 -3.5418E+01  1.9123E-04
 -3.5393E+01  2.0648E-04
 -3.5368E+01  2.2033E-04
 -3.5343E+01  2.3244E-04
 -3.5318E+01  2.4250E-04
 -3.5293E+01  2.5027E-04
 -3.5268E+01  2.5555E-04
 -3.5243E+01  2.5823E-04
 -3.5218E+01  2.5827E-04
 -3.5193E+01  2.5569E-04
 -3.5168E+01  2.5058E-04
 -3.5143E+01  2.4311E-04
 -3.5118E+01  2.3347E-04
 -3.5093E+01  2.2193E-04
 -3.5068E+01  2.0880E-04
 -3.5043E+01  1.9441E-04
 -3.5018E+01  1.7910E-04
 -3.4992E+01  1.6324E-04
 -3.4967E+01  1.4716E-04
 -3.4942E+01  1.3119E-04
 -3.4917E+01  1.1564E-04
 -3.4892E+01  1.0076E-04
 -3.4867E+01  8.6779E-05
 -3.4842E+01  7.3863E-05
 -3.4817E+01  6.2143E-05
 -3.4792E+01  5.1702E-05
 -3.4767E+01  4.2578E-05
 -3.4742E+01  3.4767E-05
 -3.4717E+01  2.8229E-05
 -3.4692E+01  2.2892E-05
 -3.4667E+01  1.8657E-05
 -3.4642E+01  1.5405E-05
 -3.4617E+01  1.3005E-05
 -3.4592E+01  1.1320E-05
 -3.4567E+01  1.0210E-05
 -3.4542E+01  9.5436E-06
 -3.4517E+01  9.1957E-06
 -3.4492E+01  9.0556E-06
 -3.4467E+01  9.0278E-06
 -3.4442E+01  9.0339E-06
 -3.4417E+01  9.0129E-06
 -3.4392E+01  8.9215E-06
 -3.4367E+01  8.7328E-06
 -3.4342E+01  8.4347E-06
 -3.4317E+01  8.0278E-06
 -3.4292E+01  7.5228E-06
 -3.4267E+01  6.9383E-06
 -3.4242E+01  6.2974E-06
 -3.4217E+01  5.6259E-06
 -3.4192E+01  4.9499E-06
 -3.4167E+01  4.2937E-06
 -3.4142E+01  3.6790E-06
 -3.4117E+01  3.1229E-06
 -3.4092E+01  2.6383E-06
 -3.4067E+01  2.2325E-06
 -3.4042E+01  1.9083E-06
 -3.4017E+01  1.6637E-06
 -3.3992E+01  1.4928E-06
 -3.3967E+01  1.3866E-06
 -3.3942E+01  1.3339E-06
 -3.3917E+01  1.3222E-06
 -3.3892E+01  1.3388E-06
 -3.3867E+01  1.3714E-06
 -3.3842E+01  1.4088E-06
 -3.3817E+01  1.4416E-06
 -3.3792E+01  1.4625E-06
 -3.3767E+01  1.4663E-06
 -3.3742E+01  1.4502E-06
 -3.3717E+01  1.4135E-06
 -3.3692E+01  1.3576E-06
 -3.3667E+01  1.2851E-06
 -3.3642E+01  1.2002E-06
 -3.3617E+01  1.1075E-06
 -3.3592E+01  1.0120E-06
 -3.3567E+01  9.1883E-07
 -3.3542E+01  8.3241E-07
 -3.3517E+01  7.5665E-07
 -3.3492E+01  6.9457E-07
 -3.3467E+01  6.4825E-07
 -3.3442E+01  6.1879E-07
 -3.3417E+01  6.0632E-07
 -3.3392E+01  6.1012E-07
 -3.3367E+01  6.2875E-07
 -3.3342E+01  6.6018E-07
 -3.3317E+01  7.0203E-07
 -3.3292E+01  7.5166E-07
 -3.3267E+01  8.0642E-07
 -3.3242E+01  8.6372E-07
 -3.3217E+01  9.2117E-07
 -3.3192E+01  9.7666E-07
 -3.3167E+01  1.0284E-06
 -3.3142E+01  1.0749E-06
 -3.3117E+01  1.1152E-06
 -3.3092E+01  1.1486E-06
 -3.3067E+01  1.1746E-06
 -3.3042E+01  1.1932E-06
 -3.3017E+01  1.2047E-06
 -3.2991E+01  1.2096E-06
 -3.2966E+01  1.2087E-06
 -3.2941E+01  1.2029E-06
 -3.2916E+01  1.1934E-06
 -3.2891E+01  1.1815E-06
 -3.2866E+01  1.1686E-06
 -3.2841E+01  1.1562E-06
 -3.2816E+01  1.1458E-06
 -3.2791E+01  1.1391E-06
 -3.2766E+01  1.1374E-06
 -3.2741E+01  1.1421E-06
 -3.2716E+01  1.1544E-06
 -3.2691E+01  1.1749E-06
 -3.2666E+01  1.2042E-06
 -3.2641E+01  1.2420E-06
 -3.2616E+01  1.2877E-06
 -3.2591E+01  1.3401E-06
 -3.2566E+01  1.3975E-06
 -3.2541E+01  1.4574E-06
 -3.2516E+01  1.5172E-06
 -3.2491E+01  1.5736E-06
 -3.2466E+01  1.6232E-06
 -3.2441E+01  1.6627E-06
 -3.2416E+01  1.6890E-06
 -3.2391E+01  1.6991E-06
 -3.2366E+01  1.6910E-06
 -3.2341E+01  1.6634E-06
 -3.2316E+01  1.6159E-06
 -3.2291E+01  1.5491E-06
 -3.2266E+01  1.4648E-06
 -3.2241E+01  1.3660E-06
 -3.2216E+01  1.2564E-06
 -3.2191E+01  1.1406E-06
 -3.2166E+01  1.0242E-06
 -3.2141E+01  9.1271E-07
 -3.2116E+01  8.1208E-07
 -3.2091E+01  7.2796E-07
 -3.2066E+01  6.6547E-07
 -3.2041E+01  6.2896E-07
 -3.2016E+01  6.2168E-07
 -3.1991E+01  6.4561E-07
 -3.1966E+01  7.0138E-07
 -3.1941E+01  7.8823E-07
 -3.1916E+01  9.0410E-07
 -3.1891E+01  1.0458E-06
 -3.1866E+01  1.2092E-06
 -3.1841E+01  1.3896E-06
 -3.1816E+01  1.5820E-06
 -3.1791E+01  1.7819E-06
 -3.1766E+01  1.9848E-06
 -3.1741E+01  2.1877E-06
 -3.1716E+01  2.3886E-06
 -3.1691E+01  2.5870E-06
 -3.1666E+01  2.7844E-06
 -3.1641E+01  2.9836E-06
 -3.1616E+01  3.1893E-06
 -3.1591E+01  3.4071E-06
 -3.1566E+01  3.6440E-06
 -3.1541E+01  3.9071E-06
 -3.1516E+01  4.2036E-06
 -3.1491E+01  4.5401E-06
 -3.1466E+01  4.9221E-06
 -3.1441E+01  5.3533E-06
 -3.1416E+01  5.8355E-06
 -3.1391E+01  6.3679E-06
 -3.1366E+01  6.9475E-06
 -3.1341E+01  7.5687E-06
 -3.1316E+01  8.2236E-06
 -3.1291E+01  8.9025E-06
 -3.1266E+01  9.5942E-06
 -3.1241E+01  1.0287E-05
 -3.1216E+01  1.0968E-05
 -3.1191E+01  1.1625E-05
 -3.1166E+01  1.2249E-05
 -3.1141E+01  1.2831E-05
 -3.1116E+01  1.3363E-05
 -3.1091E+01  1.3843E-05
 -3.1066E+01  1.4271E-05
 -3.1041E+01  1.4650E-05
 -3.1016E+01  1.4985E-05
 -3.0990E+01  1.5284E-05
 -3.0965E+01  1.5555E-05
 -3.0940E+01  1.5808E-05
 -3.0915E+01  1.6052E-05
 -3.0890E+01  1.6291E-05
 -3.0865E+01  1.6528E-05
 -3.0840E+01  1.6762E-05
 -3.0815E+01  1.6987E-05
 -3.0790E+01  1.7193E-05
 -3.0765E+01  1.7364E-05
 -3.0740E+01  1.7484E-05
 -3.0715E+01  1.7530E-05
 -3.0690E+01  1.7485E-05
 -3.0665E+01  1.7328E-05
 -3.0640E+01  1.7048E-05
 -3.0615E+01  1.6638E-05
 -3.0590E+01  1.6103E-05
 -3.0565E+01  1.5462E-05
 -3.0540E+01  1.4747E-05
 -3.0515E+01  1.4013E-05
 -3.0490E+01  1.3331E-05
 -3.0465E+01  1.2793E-05
 -3.0440E+01  1.2514E-05
 -3.0415E+01  1.2624E-05
 -3.0390E+01  1.3271E-05
 -3.0365E+01  1.4611E-05
 -3.0340E+01  1.6810E-05
 -3.0315E+01  2.0029E-05
 -3.0290E+01  2.4422E-05
 -3.0265E+01  3.0128E-05
 -3.0240E+01  3.7261E-05
 -3.0215E+01  4.5900E-05
 -3.0190E+01  5.6086E-05
 -3.0165E+01  6.7811E-05
 -3.0140E+01  8.1010E-05
 -3.0115E+01  9.5563E-05
 -3.0090E+01  1.1129E-04
 -3.0065E+01  1.2794E-04
 -3.0040E+01  1.4523E-04
 -3.0015E+01  1.6281E-04
 -2.9990E+01  1.8031E-04
 -2.9965E+01  1.9731E-04
 -2.9940E+01  2.1339E-04
 -2.9915E+01  2.2814E-04
 -2.9890E+01  2.4112E-04
 -2.9865E+01  2.5197E-04
 -2.9840E+01  2.6032E-04
 -2.9815E+01  2.6590E-04
 -2.9790E+01  2.6850E-04
 -2.9765E+01  2.6799E-04
 -2.9740E+01  2.6434E-04
 -2.9715E+01  2.5765E-04
 -2.9690E+01  2.4810E-04
 -2.9665E+01  2.3597E-04
 -2.9640E+01  2.2165E-04
 -2.9615E+01  2.0559E-04
 -2.9590E+01  1.8832E-04
 -2.9565E+01  1.7039E-04
 -2.9540E+01  1.5240E-04
 -2.9515E+01  1.3493E-04
 -2.9490E+01  1.1855E-04
 -2.9465E+01  1.0378E-04
 -2.9440E+01  9.1075E-05
 -2.9415E+01  8.0822E-05
 -2.9390E+01  7.3286E-05
 -2.9365E+01  6.8619E-05
 -2.9340E+01  6.6851E-05
 -2.9315E+01  6.7882E-05
 -2.9290E+01  7.1492E-05
 -2.9265E+01  7.7344E-05
 -2.9240E+01  8.5007E-05
 -2.9215E+01  9.3970E-05
 -2.9190E+01  1.0367E-04
 -2.9165E+01  1.1350E-04
 -2.9140E+01  1.2287E-04
 -2.9115E+01  1.3122E-04
 -2.9090E+01  1.3804E-04
 -2.9065E+01  1.4293E-04
 -2.9040E+01  1.4559E-04
 -2.9015E+01  1.4585E-04
 -2.8989E+01  1.4372E-04
 -2.8964E+01  1.3932E-04
 -2.8939E+01  1.3296E-04
 -2.8914E+01  1.2507E-04
 -2.8889E+01  1.1620E-04
 -2.8864E+01  1.0702E-04
 -2.8839E+01  9.8270E-05
 -2.8814E+01  9.0732E-05
 -2.8789E+01  8.5198E-05
 -2.8764E+01  8.2425E-05
 -2.8739E+01  8.3100E-05
 -2.8714E+01  8.7792E-05
 -2.8689E+01  9.6928E-05
 -2.8664E+01  1.1076E-04
 -2.8639E+01  1.2933E-04
 -2.8614E+01  1.5249E-04
 -2.8589E+01  1.7987E-04
 -2.8564E+01  2.1089E-04
 -2.8539E+01  2.4477E-04
 -2.8514E+01  2.8056E-04
 -2.8489E+01  3.1717E-04
 -2.8464E+01  3.5340E-04
 -2.8439E+01  3.8801E-04
 -2.8414E+01  4.1975E-04
 -2.8389E+01  4.4745E-04
 -2.8364E+01  4.7005E-04
 -2.8339E+01  4.8667E-04
 -2.8314E+01  4.9663E-04
 -2.8289E+01  4.9951E-04
 -2.8264E+01  4.9516E-04
 -2.8239E+01  4.8369E-04
 -2.8214E+01  4.6554E-04
 -2.8189E+01  4.4141E-04
 -2.8164E+01  4.1226E-04
 -2.8139E+01  3.7932E-04
 -2.8114E+01  3.4400E-04
 -2.8089E+01  3.0788E-04
 -2.8064E+01  2.7262E-04
 -2.8039E+01  2.3991E-04
 -2.8014E+01  2.1137E-04
 -2.7989E+01  1.8850E-04
 -2.7964E+01  1.7262E-04
 -2.7939E+01  1.6478E-04
 -2.7914E+01  1.6578E-04
 -2.7889E+01  1.7603E-04
 -2.7864E+01  1.9565E-04
 -2.7839E+01  2.2434E-04
 -2.7814E+01  2.6147E-04
 -2.7789E+01  3.0605E-04
 -2.7764E+01  3.5678E-04
 -2.7739E+01  4.1210E-04
 -2.7714E+01  4.7025E-04
 -2.7689E+01  5.2936E-04
 -2.7664E+01  5.8752E-04
 -2.7639E+01  6.4284E-04
 -2.7614E+01  6.9357E-04
 -2.7589E+01  7.3810E-04
 -2.7564E+01  7.7507E-04
 -2.7539E+01  8.0341E-04
 -2.7514E+01  8.2238E-04
 -2.7489E+01  8.3160E-04
 -2.7464E+01  8.3108E-04
 -2.7439E+01  8.2121E-04
 -2.7414E+01  8.0276E-04
 -2.7389E+01  7.7685E-04
 -2.7364E+01  7.4487E-04
 -2.7339E+01  7.0841E-04
 -2.7314E+01  6.6918E-04
 -2.7289E+01  6.2894E-04
 -2.7264E+01  5.8940E-04
 -2.7239E+01  5.5213E-04
 -2.7214E+01  5.1850E-04
 -2.7189E+01  4.8964E-04
 -2.7164E+01  4.6634E-04
 -2.7139E+01  4.4906E-04
 -2.7114E+01  4.3788E-04
 -2.7089E+01  4.3253E-04
 -2.7064E+01  4.3235E-04
 -2.7039E+01  4.3641E-04
 -2.7014E+01  4.4351E-04
 -2.6988E+01  4.5225E-04
 -2.6963E+01  4.6115E-04
 -2.6938E+01  4.6873E-04
 -2.6913E+01  4.7360E-04
 -2.6888E+01  4.7455E-04
 -2.6863E+01  4.7068E-04
 -2.6838E+01  4.6146E-04
 -2.6813E+01  4.4682E-04
 -2.6788E+01  4.2724E-04
 -2.6763E+01  4.0375E-04
 -2.6738E+01  3.7799E-04
 -2.6713E+01  3.5215E-04
 -2.6688E+01  3.2895E-04
 -2.6663E+01  3.1159E-04
 -2.6638E+01  3.0363E-04
 -2.6613E+01  3.0888E-04
 -2.6588E+01  3.3131E-04
 -2.6563E+01  3.7487E-04
 -2.6538E+01  4.4336E-04
 -2.6513E+01  5.4028E-04
 -2.6488E+01  6.6865E-04
 -2.6463E+01  8.3086E-04
 -2.6438E+01  1.0285E-03
 -2.6413E+01  1.2624E-03
 -2.6388E+01  1.5323E-03
 -2.6363E+01  1.8370E-03
 -2.6338E+01  2.1744E-03
 -2.6313E+01  2.5411E-03
 -2.6288E+01  2.9333E-03
 -2.6263E+01  3.3457E-03
 -2.6238E+01  3.7727E-03
 -2.6213E+01  4.2075E-03
 -2.6188E+01  4.6430E-03
 -2.6163E+01  5.0715E-03
 -2.6138E+01  5.4853E-03
 -2.6113E+01  5.8764E-03
 -2.6088E+01  6.2375E-03
 -2.6063E+01  6.5616E-03
 -2.6038E+01  6.8426E-03
 -2.6013E+01  7.0752E-03
 -2.5988E+01  7.2553E-03
 -2.5963E+01  7.3797E-03
 -2.5938E+01  7.4464E-03
 -2.5913E+01  7.4544E-03
 -2.5888E+01  7.4038E-03
 -2.5863E+01  7.2957E-03
 -2.5838E+01  7.1326E-03
 -2.5813E+01  6.9178E-03
 -2.5788E+01  6.6558E-03
 -2.5763E+01  6.3519E-03
 -2.5738E+01  6.0124E-03
 -2.5713E+01  5.6440E-03
 -2.5688E+01  5.2538E-03
 -2.5663E+01  4.8490E-03
 -2.5638E+01  4.4366E-03
 -2.5613E+01  4.0232E-03
 -2.5588E+01  3.6149E-03
 -2.5563E+01  3.2174E-03
 -2.5538E+01  2.8356E-03
 -2.5513E+01  2.4737E-03
 -2.5488E+01  2.1351E-03
 -2.5463E+01  1.8225E-03
 -2.5438E+01  1.5378E-03
 -2.5413E+01  1.2821E-03
 -2.5388E+01  1.0557E-03
 -2.5363E+01  8.5827E-04
 -2.5338E+01  6.8869E-04
 -2.5313E+01  5.4536E-04
 -2.5288E+01  4.2625E-04
 -2.5263E+01  3.2900E-04
 -2.5238E+01  2.5109E-04
 -2.5213E+01  1.8991E-04
 -2.5188E+01  1.4289E-04
 -2.5163E+01  1.0756E-04
 -2.5138E+01  8.1654E-05
 -2.5113E+01  6.3124E-05
 -2.5088E+01  5.0224E-05
 -2.5063E+01  4.1512E-05
 -2.5038E+01  3.5868E-05
 -2.5013E+01  3.2489E-05
 -2.4987E+01  3.0865E-05
 -2.4962E+01  3.0750E-05
 -2.4937E+01  3.2115E-05
 -2.4912E+01  3.5104E-05
 -2.4887E+01  3.9977E-05
 -2.4862E+01  4.7056E-05
 -2.4837E+01  5.6672E-05
 -2.4812E+01  6.9116E-05
 -2.4787E+01  8.4595E-05
 -2.4762E+01  1.0320E-04
 -2.4737E+01  1.2488E-04
 -2.4712E+01  1.4943E-04
 -2.4687E+01  1.7649E-04
 -2.4662E+01  2.0557E-04
 -2.4637E+01  2.3601E-04
 -2.4612E+01  2.6708E-04
 -2.4587E+01  2.9795E-04
 -2.4562E+01  3.2772E-04
 -2.4537E+01  3.5551E-04
 -2.4512E+01  3.8045E-04
 -2.4487E+01  4.0171E-04
 -2.4462E+01  4.1859E-04
 -2.4437E+01  4.3052E-04
 -2.4412E+01  4.3712E-04
 -2.4387E+01  4.3816E-04
 -2.4362E+01  4.3363E-04
 -2.4337E+01  4.2370E-04
 -2.4312E+01  4.0872E-04
 -2.4287E+01  3.8918E-04
 -2.4262E+01  3.6572E-04
 -2.4237E+01  3.3908E-04
 -2.4212E+01  3.1008E-04
 -2.4187E+01  2.7959E-04
 -2.4162E+01  2.4852E-04
 -2.4137E+01  2.1774E-04
 -2.4112E+01  1.8808E-04
 -2.4087E+01  1.6032E-04
 -2.4062E+01  1.3508E-04
 -2.4037E+01  1.1290E-04
 -2.4012E+01  9.4136E-05
 -2.3987E+01  7.9005E-05
 -2.3962E+01  6.7568E-05
 -2.3937E+01  5.9740E-05
 -2.3912E+01  5.5300E-05
 -2.3887E+01  5.3916E-05
 -2.3862E+01  5.5154E-05
 -2.3837E+01  5.8510E-05
 -2.3812E+01  6.3433E-05
 -2.3787E+01  6.9350E-05
 -2.3762E+01  7.5694E-05
 -2.3737E+01  8.1933E-05
 -2.3712E+01  8.7589E-05
 -2.3687E+01  9.2259E-05
 -2.3662E+01  9.5628E-05
 -2.3637E+01  9.7476E-05
 -2.3612E+01  9.7680E-05
 -2.3587E+01  9.6218E-05
 -2.3562E+01  9.3155E-05
 -2.3537E+01  8.8644E-05
 -2.3512E+01  8.2909E-05
 -2.3487E+01  7.6235E-05
 -2.3462E+01  6.8948E-05
 -2.3437E+01  6.1397E-05
 -2.3412E+01  5.3935E-05
 -2.3387E+01  4.6900E-05
 -2.3362E+01  4.0596E-05
 -2.3337E+01  3.5282E-05
 -2.3312E+01  3.1156E-05
 -2.3287E+01  2.8351E-05
 -2.3262E+01  2.6933E-05
 -2.3237E+01  2.6898E-05
 -2.3212E+01  2.8175E-05
 -2.3187E+01  3.0632E-05
 -2.3162E+01  3.4085E-05
 -2.3137E+01  3.8305E-05
 -2.3112E+01  4.3036E-05
 -2.3087E+01  4.8005E-05
 -2.3062E+01  5.2939E-05
 -2.3037E+01  5.7576E-05
 -2.3012E+01  6.1679E-05
 -2.2986E+01  6.5046E-05
 -2.2961E+01  6.7515E-05
 -2.2936E+01  6.8971E-05
 -2.2911E+01  6.9347E-05
 -2.2886E+01  6.8627E-05
 -2.2861E+01  6.6845E-05
 -2.2836E+01  6.4080E-05
 -2.2811E+01  6.0454E-05
 -2.2786E+01  5.6121E-05
 -2.2761E+01  5.1262E-05
 -2.2736E+01  4.6073E-05
 -2.2711E+01  4.0752E-05
 -2.2686E+01  3.5492E-05
 -2.2661E+01  3.0468E-05
 -2.2636E+01  2.5835E-05
 -2.2611E+01  2.1718E-05
 -2.2586E+01  1.8210E-05
 -2.2561E+01  1.5368E-05
 -2.2536E+01  1.3217E-05
 -2.2511E+01  1.1747E-05
 -2.2486E+01  1.0918E-05
 -2.2461E+01  1.0663E-05
 -2.2436E+01  1.0893E-05
 -2.2411E+01  1.1504E-05
 -2.2386E+01  1.2383E-05
 -2.2361E+01  1.3418E-05
 -2.2336E+01  1.4499E-05
 -2.2311E+01  1.5528E-05
 -2.2286E+01  1.6418E-05
 -2.2261E+01  1.7105E-05
 -2.2236E+01  1.7540E-05
 -2.2211E+01  1.7698E-05
 -2.2186E+01  1.7571E-05
 -2.2161E+01  1.7175E-05
 -2.2136E+01  1.6538E-05
 -2.2111E+01  1.5706E-05
 -2.2086E+01  1.4732E-05
 -2.2061E+01  1.3674E-05
 -2.2036E+01  1.2592E-05
 -2.2011E+01  1.1540E-05
 -2.1986E+01  1.0566E-05
 -2.1961E+01  9.7091E-06
 -2.1936E+01  8.9945E-06
 -2.1911E+01  8.4358E-06
 -2.1886E+01  8.0338E-06
 -2.1861E+01  7.7775E-06
 -2.1836E+01  7.6460E-06
 -2.1811E+01  7.6107E-06
 -2.1786E+01  7.6382E-06
 -2.1761E+01  7.6933E-06
 -2.1736E+01  7.7423E-06
 -2.1711E+01  7.7557E-06
 -2.1686E+01  7.7102E-06
 -2.1661E+01  7.5911E-06
 -2.1636E+01  7.3923E-06
 -2.1611E+01  7.1170E-06
 -2.1586E+01  6.7769E-06
 -2.1561E+01  6.3907E-06
 -2.1536E+01  5.9825E-06
 -2.1511E+01  5.5791E-06
 -2.1486E+01  5.2078E-06
 -2.1461E+01  4.8933E-06
 -2.1436E+01  4.6554E-06
 -2.1411E+01  4.5074E-06
 -2.1386E+01  4.4552E-06
 -2.1361E+01  4.4974E-06
 -2.1336E+01  4.6270E-06
 -2.1311E+01  4.8344E-06
 -2.1286E+01  5.1107E-06
 -2.1261E+01  5.4537E-06
 -2.1236E+01  5.8737E-06
 -2.1211E+01  6.4002E-06
 -2.1186E+01  7.0895E-06
 -2.1161E+01  8.0312E-06
 -2.1136E+01  9.3550E-06
 -2.1111E+01  1.1235E-05
 -2.1086E+01  1.3895E-05
 -2.1061E+01  1.7607E-05
 -2.1036E+01  2.2692E-05
 -2.1011E+01  2.9516E-05
 -2.0985E+01  3.8481E-05
 -2.0960E+01  5.0021E-05
 -2.0935E+01  6.4579E-05
 -2.0910E+01  8.2600E-05
 -2.0885E+01  1.0450E-04
 -2.0860E+01  1.3067E-04
 -2.0835E+01  1.6140E-04
 -2.0810E+01  1.9692E-04
 -2.0785E+01  2.3734E-04
 -2.0760E+01  2.8266E-04
 -2.0735E+01  3.3275E-04
 -2.0710E+01  3.8731E-04
 -2.0685E+01  4.4595E-04
 -2.0660E+01  5.0807E-04
 -2.0635E+01  5.7296E-04
 -2.0610E+01  6.3975E-04
 -2.0585E+01  7.0741E-04
 -2.0560E+01  7.7481E-04
 -2.0535E+01  8.4071E-04
 -2.0510E+01  9.0381E-04
 -2.0485E+01  9.6281E-04
 -2.0460E+01  1.0165E-03
 -2.0435E+01  1.0636E-03
 -2.0410E+01  1.1031E-03
 -2.0385E+01  1.1342E-03
 -2.0360E+01  1.1563E-03
 -2.0335E+01  1.1687E-03
 -2.0310E+01  1.1712E-03
 -2.0285E+01  1.1638E-03
 -2.0260E+01  1.1466E-03
 -2.0235E+01  1.1200E-03
 -2.0210E+01  1.0844E-03
 -2.0185E+01  1.0408E-03
 -2.0160E+01  9.9009E-04
 -2.0135E+01  9.3347E-04
 -2.0110E+01  8.7224E-04
 -2.0085E+01  8.0780E-04
 -2.0060E+01  7.4153E-04
 -2.0035E+01  6.7479E-04
 -2.0010E+01  6.0883E-04
 -1.9985E+01  5.4478E-04
 -1.9960E+01  4.8360E-04
 -1.9935E+01  4.2607E-04
 -1.9910E+01  3.7277E-04
 -1.9885E+01  3.2411E-04
 -1.9860E+01  2.8032E-04
 -1.9835E+01  2.4143E-04
 -1.9810E+01  2.0735E-04
 -1.9785E+01  1.7785E-04
 -1.9760E+01  1.5260E-04
 -1.9735E+01  1.3125E-04
 -1.9710E+01  1.1340E-04
 -1.9685E+01  9.8741E-05
 -1.9660E+01  8.7011E-05
 -1.9635E+01  7.8089E-05
 -1.9610E+01  7.2006E-05
 -1.9585E+01  6.8972E-05
 -1.9560E+01  6.9381E-05
 -1.9535E+01  7.3813E-05
 -1.9510E+01  8.3016E-05
 -1.9485E+01  9.7872E-05
 -1.9460E+01  1.1936E-04
 -1.9435E+01  1.4849E-04
 -1.9410E+01  1.8627E-04
 -1.9385E+01  2.3363E-04
 -1.9360E+01  2.9134E-04
 -1.9335E+01  3.5997E-04
 -1.9310E+01  4.3980E-04
 -1.9285E+01  5.3077E-04
 -1.9260E+01  6.3245E-04
 -1.9235E+01  7.4392E-04
 -1.9210E+01  8.6383E-04
 -1.9185E+01  9.9037E-04
 -1.9160E+01  1.1213E-03
 -1.9135E+01  1.2540E-03
 -1.9110E+01  1.3856E-03
 -1.9085E+01  1.5131E-03
 -1.9060E+01  1.6334E-03
 -1.9035E+01  1.7433E-03
 -1.9010E+01  1.8399E-03
 -1.8984E+01  1.9204E-03
 -1.8959E+01  1.9823E-03
 -1.8934E+01  2.0235E-03
 -1.8909E+01  2.0424E-03
 -1.8884E+01  2.0382E-03
 -1.8859E+01  2.0104E-03
 -1.8834E+01  1.9597E-03
 -1.8809E+01  1.8872E-03
 -1.8784E+01  1.7952E-03
 -1.8759E+01  1.6865E-03
 -1.8734E+01  1.5643E-03
 -1.8709E+01  1.4324E-03
 -1.8684E+01  1.2951E-03
 -1.8659E+01  1.1565E-03
 -1.8634E+01  1.0208E-03
 -1.8609E+01  8.9203E-04
 -1.8584E+01  7.7405E-04
 -1.8559E+01  6.7016E-04
 -1.8534E+01  5.8313E-04
 -1.8509E+01  5.1505E-04
 -1.8484E+01  4.6720E-04
 -1.8459E+01  4.4002E-04
 -1.8434E+01  4.3307E-04
 -1.8409E+01  4.4503E-04
 -1.8384E+01  4.7384E-04
 -1.8359E+01  5.1670E-04
 -1.8334E+01  5.7029E-04
 -1.8309E+01  6.3089E-04
 -1.8284E+01  6.9453E-04
 -1.8259E+01  7.5716E-04
 -1.8234E+01  8.1489E-04
 -1.8209E+01  8.6414E-04
 -1.8184E+01  9.0189E-04
 -1.8159E+01  9.2579E-04
 -1.8134E+01  9.3438E-04
 -1.8109E+01  9.2714E-04
 -1.8084E+01  9.0455E-04
 -1.8059E+01  8.6807E-04
 -1.8034E+01  8.2011E-04
 -1.8009E+01  7.6387E-04
 -1.7984E+01  7.0327E-04
 -1.7959E+01  6.4273E-04
 -1.7934E+01  5.8705E-04
 -1.7909E+01  5.4116E-04
 -1.7884E+01  5.0988E-04
 -1.7859E+01  4.9771E-04
 -1.7834E+01  5.0853E-04
 -1.7809E+01  5.4543E-04
 -1.7784E+01  6.1045E-04
 -1.7759E+01  7.0449E-04
 -1.7734E+01  8.2719E-04
 -1.7709E+01  9.7693E-04
 -1.7684E+01  1.1508E-03
 -1.7659E+01  1.3447E-03
 -1.7634E+01  1.5535E-03
 -1.7609E+01  1.7710E-03
 -1.7584E+01  1.9903E-03
 -1.7559E+01  2.2039E-03
 -1.7534E+01  2.4044E-03
 -1.7509E+01  2.5844E-03
 -1.7484E+01  2.7370E-03
 -1.7459E+01  2.8565E-03
 -1.7434E+01  2.9381E-03
 -1.7409E+01  2.9787E-03
 -1.7384E+01  2.9765E-03
 -1.7359E+01  2.9315E-03
 -1.7334E+01  2.8453E-03
 -1.7309E+01  2.7211E-03
 -1.7284E+01  2.5638E-03
 -1.7259E+01  2.3795E-03
 -1.7234E+01  2.1758E-03
 -1.7209E+01  1.9614E-03
 -1.7184E+01  1.7457E-03
 -1.7159E+01  1.5384E-03
 -1.7134E+01  1.3492E-03
 -1.7109E+01  1.1873E-03
 -1.7084E+01  1.0610E-03
 -1.7059E+01  9.7744E-04
 -1.7034E+01  9.4192E-04
 -1.7009E+01  9.5818E-04
 -1.6983E+01  1.0280E-03
 -1.6958E+01  1.1510E-03
 -1.6933E+01  1.3248E-03
 -1.6908E+01  1.5451E-03
 -1.6883E+01  1.8054E-03
 -1.6858E+01  2.0978E-03
 -1.6833E+01  2.4128E-03
 -1.6808E+01  2.7402E-03
 -1.6783E+01  3.0691E-03
 -1.6758E+01  3.3888E-03
 -1.6733E+01  3.6889E-03
 -1.6708E+01  3.9600E-03
 -1.6683E+01  4.1936E-03
 -1.6658E+01  4.3827E-03
 -1.6633E+01  4.5220E-03
 -1.6608E+01  4.6081E-03
 -1.6583E+01  4.6393E-03
 -1.6558E+01  4.6165E-03
 -1.6533E+01  4.5424E-03
 -1.6508E+01  4.4221E-03
 -1.6483E+01  4.2623E-03
 -1.6458E+01  4.0712E-03
 -1.6433E+01  3.8583E-03
 -1.6408E+01  3.6333E-03
 -1.6383E+01  3.4061E-03
 -1.6358E+01  3.1860E-03
 -1.6333E+01  2.9814E-03
 -1.6308E+01  2.7995E-03
 -1.6283E+01  2.6460E-03
 -1.6258E+01  2.5246E-03
 -1.6233E+01  2.4373E-03
 -1.6208E+01  2.3838E-03
 -1.6183E+01  2.3619E-03
 -1.6158E+01  2.3677E-03
 -1.6133E+01  2.3953E-03
 -1.6108E+01  2.4380E-03
 -1.6083E+01  2.4878E-03
 -1.6058E+01  2.5365E-03
 -1.6033E+01  2.5761E-03
 -1.6008E+01  2.5992E-03
 -1.5983E+01  2.5994E-03
 -1.5958E+01  2.5723E-03
 -1.5933E+01  2.5153E-03
 -1.5908E+01  2.4286E-03
 -1.5883E+01  2.3154E-03
 -1.5858E+01  2.1819E-03
 -1.5833E+01  2.0376E-03
 -1.5808E+01  1.8951E-03
 -1.5783E+01  1.7695E-03
 -1.5758E+01  1.6785E-03
 -1.5733E+01  1.6416E-03
 -1.5708E+01  1.6792E-03
 -1.5683E+01  1.8124E-03
 -1.5658E+01  2.0621E-03
 -1.5633E+01  2.4482E-03
 -1.5608E+01  2.9885E-03
 -1.5583E+01  3.6982E-03
 -1.5558E+01  4.5887E-03
 -1.5533E+01  5.6671E-03
 -1.5508E+01  6.9357E-03
 -1.5483E+01  8.3915E-03
 -1.5458E+01  1.0026E-02
 -1.5433E+01  1.1827E-02
 -1.5408E+01  1.3775E-02
 -1.5383E+01  1.5848E-02
 -1.5358E+01  1.8018E-02
 -1.5333E+01  2.0254E-02
 -1.5308E+01  2.2520E-02
 -1.5283E+01  2.4776E-02
 -1.5258E+01  2.6982E-02
 -1.5233E+01  2.9096E-02
 -1.5208E+01  3.1077E-02
 -1.5183E+01  3.2885E-02
 -1.5158E+01  3.4485E-02
 -1.5133E+01  3.5848E-02
 -1.5108E+01  3.6947E-02
 -1.5083E+01  3.7766E-02
 -1.5058E+01  3.8290E-02
 -1.5033E+01  3.8511E-02
 -1.5008E+01  3.8428E-02
 -1.4982E+01  3.8042E-02
 -1.4957E+01  3.7362E-02
 -1.4932E+01  3.6400E-02
 -1.4907E+01  3.5177E-02
 -1.4882E+01  3.3717E-02
 -1.4857E+01  3.2051E-02
 -1.4832E+01  3.0212E-02
 -1.4807E+01  2.8237E-02
 -1.4782E+01  2.6166E-02
 -1.4757E+01  2.4037E-02
 -1.4732E+01  2.1885E-02
 -1.4707E+01  1.9745E-02
 -1.4682E+01  1.7647E-02
 -1.4657E+01  1.5618E-02
 -1.4632E+01  1.3683E-02
 -1.4607E+01  1.1861E-02
 -1.4582E+01  1.0167E-02
 -1.4557E+01  8.6152E-03
 -1.4532E+01  7.2125E-03
 -1.4507E+01  5.9630E-03
 -1.4482E+01  4.8668E-03
 -1.4457E+01  3.9201E-03
 -1.4432E+01  3.1157E-03
 -1.4407E+01  2.4438E-03
 -1.4382E+01  1.8926E-03
 -1.4357E+01  1.4489E-03
 -1.4332E+01  1.0990E-03
 -1.4307E+01  8.2896E-04
 -1.4282E+01  6.2541E-04
 -1.4257E+01  4.7572E-04
 -1.4232E+01  3.6844E-04
 -1.4207E+01  2.9354E-04
 -1.4182E+01  2.4259E-04
 -1.4157E+01  2.0887E-04
 -1.4132E+01  1.8739E-04
 -1.4107E+01  1.7483E-04
 -1.4082E+01  1.6939E-04
 -1.4057E+01  1.7059E-04
 -1.4032E+01  1.7901E-04
 -1.4007E+01  1.9606E-04
 -1.3982E+01  2.2361E-04
 -1.3957E+01  2.6377E-04
 -1.3932E+01  3.1857E-04
 -1.3907E+01  3.8969E-04
 -1.3882E+01  4.7829E-04
 -1.3857E+01  5.8478E-04
 -1.3832E+01  7.0878E-04
 -1.3807E+01  8.4903E-04
 -1.3782E+01  1.0035E-03
 -1.3757E+01  1.1692E-03
 -1.3732E+01  1.3427E-03
 -1.3707E+01  1.5198E-03
 -1.3682E+01  1.6959E-03
 -1.3657E+01  1.8661E-03
 -1.3632E+01  2.0254E-03
 -1.3607E+01  2.1690E-03
 -1.3582E+01  2.2923E-03
 -1.3557E+01  2.3914E-03
 -1.3532E+01  2.4632E-03
 -1.3507E+01  2.5055E-03
 -1.3482E+01  2.5173E-03
 -1.3457E+01  2.4985E-03
 -1.3432E+01  2.4500E-03
 -1.3407E+01  2.3735E-03
 -1.3382E+01  2.2716E-03
 -1.3357E+01  2.1476E-03
 -1.3332E+01  2.0052E-03
 -1.3307E+01  1.8485E-03
 -1.3282E+01  1.6820E-03
 -1.3257E+01  1.5105E-03
 -1.3232E+01  1.3386E-03
 -1.3207E+01  1.1707E-03
 -1.3182E+01  1.0110E-03
 -1.3157E+01  8.6296E-04
 -1.3132E+01  7.2957E-04
 -1.3107E+01  6.1289E-04
 -1.3082E+01  5.1428E-04
 -1.3057E+01  4.3428E-04
 -1.3032E+01  3.7274E-04
 -1.3007E+01  3.2883E-04
 -1.2981E+01  3.0115E-04
 -1.2956E+01  2.8780E-04
 -1.2931E+01  2.8651E-04
 -1.2906E+01  2.9473E-04
 -1.2881E+01  3.0979E-04
 -1.2856E+01  3.2901E-04
 -1.2831E+01  3.4983E-04
 -1.2806E+01  3.6993E-04
 -1.2781E+01  3.8732E-04
 -1.2756E+01  4.0039E-04
 -1.2731E+01  4.0794E-04
 -1.2706E+01  4.0921E-04
 -1.2681E+01  4.0385E-04
 -1.2656E+01  3.9196E-04
 -1.2631E+01  3.7400E-04
 -1.2606E+01  3.5080E-04
 -1.2581E+01  3.2344E-04
 -1.2556E+01  2.9327E-04
 -1.2531E+01  2.6170E-04
 -1.2506E+01  2.3023E-04
 -1.2481E+01  2.0026E-04
 -1.2456E+01  1.7307E-04
 -1.2431E+01  1.4975E-04
 -1.2406E+01  1.3113E-04
 -1.2381E+01  1.1779E-04
 -1.2356E+01  1.1003E-04
 -1.2331E+01  1.0786E-04
 -1.2306E+01  1.1100E-04
 -1.2281E+01  1.1895E-04
 -1.2256E+01  1.3097E-04
 -1.2231E+01  1.4613E-04
 -1.2206E+01  1.6340E-04
 -1.2181E+01  1.8171E-04
 -1.2156E+01  1.9995E-04
 -1.2131E+01  2.1711E-04
 -1.2106E+01  2.3226E-04
 -1.2081E+01  2.4460E-04
 -1.2056E+01  2.5352E-04
 -1.2031E+01  2.5856E-04
 -1.2006E+01  2.5947E-04
 -1.1981E+01  2.5619E-04
 -1.1956E+01  2.4886E-04
 -1.1931E+01  2.3782E-04
 -1.1906E+01  2.2358E-04
 -1.1881E+01  2.0675E-04
 -1.1856E+01  1.8808E-04
 -1.1831E+01  1.6831E-04
 -1.1806E+01  1.4823E-04
 -1.1781E+01  1.2856E-04
 -1.1756E+01  1.0994E-04
 -1.1731E+01  9.2914E-05
 -1.1706E+01  7.7931E-05
 -1.1681E+01  6.5296E-05
 -1.1656E+01  5.5189E-05
 -1.1631E+01  4.7660E-05
 -1.1606E+01  4.2632E-05
 -1.1581E+01  3.9915E-05
 -1.1556E+01  3.9224E-05
 -1.1531E+01  4.0199E-05
 -1.1506E+01  4.2435E-05
 -1.1481E+01  4.5509E-05
 -1.1456E+01  4.9003E-05
 -1.1431E+01  5.2527E-05
 -1.1406E+01  5.5736E-05
 -1.1381E+01  5.8347E-05
 -1.1356E+01  6.0141E-05
 -1.1331E+01  6.0979E-05
 -1.1306E+01  6.0797E-05
 -1.1281E+01  5.9606E-05
 -1.1256E+01  5.7491E-05
 -1.1231E+01  5.4588E-05
 -1.1206E+01  5.1082E-05
 -1.1181E+01  4.7177E-05
 -1.1156E+01  4.3086E-05
 -1.1131E+01  3.9012E-05
 -1.1106E+01  3.5135E-05
 -1.1081E+01  3.1600E-05
 -1.1056E+01  2.8515E-05
 -1.1031E+01  2.5945E-05
 -1.1006E+01  2.3911E-05
 -1.0980E+01  2.2395E-05
 -1.0955E+01  2.1344E-05
 -1.0930E+01  2.0677E-05
 -1.0905E+01  2.0299E-05
 -1.0880E+01  2.0107E-05
 -1.0855E+01  2.0002E-05
 -1.0830E+01  1.9900E-05
 -1.0805E+01  1.9740E-05
 -1.0780E+01  1.9484E-05
 -1.0755E+01  1.9125E-05
 -1.0730E+01  1.8682E-05
 -1.0705E+01  1.8202E-05
 -1.0680E+01  1.7746E-05
 -1.0655E+01  1.7391E-05
 -1.0630E+01  1.7213E-05
 -1.0605E+01  1.7282E-05
 -1.0580E+01  1.7650E-05
 -1.0555E+01  1.8344E-05
 -1.0530E+01  1.9363E-05
 -1.0505E+01  2.0675E-05
 -1.0480E+01  2.2226E-05
 -1.0455E+01  2.3947E-05
 -1.0430E+01  2.5767E-05
 -1.0405E+01  2.7638E-05
 -1.0380E+01  2.9552E-05
 -1.0355E+01  3.1579E-05
 -1.0330E+01  3.3888E-05
 -1.0305E+01  3.6791E-05
 -1.0280E+01  4.0766E-05
 -1.0255E+01  4.6486E-05
 -1.0230E+01  5.4841E-05
 -1.0205E+01  6.6949E-05
 -1.0180E+01  8.4162E-05
 -1.0155E+01  1.0806E-04
 -1.0130E+01  1.4044E-04
 -1.0105E+01  1.8326E-04
 -1.0080E+01  2.3863E-04
 -1.0055E+01  3.0873E-04
 -1.0030E+01  3.9567E-04
 -1.0005E+01  5.0149E-04
 -9.9800E+00  6.2797E-04
 -9.9550E+00  7.7656E-04
 -9.9300E+00  9.4834E-04
 -9.9050E+00  1.1439E-03
 -9.8799E+00  1.3634E-03
 -9.8549E+00  1.6064E-03
 -9.8299E+00  1.8719E-03
 -9.8049E+00  2.1582E-03
 -9.7799E+00  2.4628E-03
 -9.7549E+00  2.7827E-03
 -9.7299E+00  3.1135E-03
 -9.7049E+00  3.4505E-03
 -9.6798E+00  3.7879E-03
 -9.6548E+00  4.1195E-03
 -9.6298E+00  4.4392E-03
 -9.6048E+00  4.7405E-03
 -9.5798E+00  5.0177E-03
 -9.5548E+00  5.2654E-03
 -9.5298E+00  5.4789E-03
 -9.5048E+00  5.6541E-03
 -9.4797E+00  5.7875E-03
 -9.4547E+00  5.8761E-03
 -9.4297E+00  5.9176E-03
 -9.4047E+00  5.9103E-03
 -9.3797E+00  5.8536E-03
 -9.3547E+00  5.7481E-03
 -9.3297E+00  5.5956E-03
 -9.3047E+00  5.3996E-03
 -9.2796E+00  5.1649E-03
 -9.2546E+00  4.8972E-03
 -9.2296E+00  4.6031E-03
 -9.2046E+00  4.2894E-03
 -9.1796E+00  3.9629E-03
 -9.1546E+00  3.6300E-03
 -9.1296E+00  3.2968E-03
 -9.1046E+00  2.9686E-03
 -9.0795E+00  2.6504E-03
 -9.0545E+00  2.3464E-03
 -9.0295E+00  2.0603E-03
 -9.0045E+00  1.7951E-03
 -8.9795E+00  1.5529E-03
 -8.9545E+00  1.3350E-03
 -8.9295E+00  1.1417E-03
 -8.9045E+00  9.7284E-04
 -8.8794E+00  8.2715E-04
 -8.8544E+00  7.0314E-04
 -8.8294E+00  5.9905E-04
 -8.8044E+00  5.1314E-04
 -8.7794E+00  4.4398E-04
 -8.7544E+00  3.9061E-04
 -8.7294E+00  3.5277E-04
 -8.7044E+00  3.3097E-04
 -8.6793E+00  3.2666E-04
 -8.6543E+00  3.4217E-04
 -8.6293E+00  3.8074E-04
 -8.6043E+00  4.4637E-04
 -8.5793E+00  5.4378E-04
 -8.5543E+00  6.7812E-04
 -8.5293E+00  8.5485E-04
 -8.5043E+00  1.0794E-03
 -8.4792E+00  1.3567E-03
 -8.4542E+00  1.6909E-03
 -8.4292E+00  2.0851E-03
 -8.4042E+00  2.5402E-03
 -8.3792E+00  3.0555E-03
 -8.3542E+00  3.6274E-03
 -8.3292E+00  4.2506E-03
 -8.3042E+00  4.9172E-03
 -8.2791E+00  5.6176E-03
 -8.2541E+00  6.3405E-03
 -8.2291E+00  7.0731E-03
 -8.2041E+00  7.8013E-03
 -8.1791E+00  8.5093E-03
 -8.1541E+00  9.1801E-03
 -8.1291E+00  9.7958E-03
 -8.1041E+00  1.0338E-02
 -8.0790E+00  1.0788E-02
 -8.0540E+00  1.1131E-02
 -8.0290E+00  1.1353E-02
 -8.0040E+00  1.1447E-02
 -7.9790E+00  1.1408E-02
 -7.9540E+00  1.1237E-02
 -7.9290E+00  1.0940E-02
 -7.9040E+00  1.0526E-02
 -7.8789E+00  1.0007E-02
 -7.8539E+00  9.3976E-03
 -7.8289E+00  8.7151E-03
 -7.8039E+00  7.9788E-03
 -7.7789E+00  7.2104E-03
 -7.7539E+00  6.4338E-03
 -7.7289E+00  5.6742E-03
 -7.7039E+00  4.9568E-03
 -7.6788E+00  4.3055E-03
 -7.6538E+00  3.7414E-03
 -7.6288E+00  3.2817E-03
 -7.6038E+00  2.9385E-03
 -7.5788E+00  2.7191E-03
 -7.5538E+00  2.6254E-03
 -7.5288E+00  2.6543E-03
 -7.5038E+00  2.7975E-03
 -7.4787E+00  3.0420E-03
 -7.4537E+00  3.3700E-03
 -7.4287E+00  3.7598E-03
 -7.4037E+00  4.1866E-03
 -7.3787E+00  4.6240E-03
 -7.3537E+00  5.0459E-03
 -7.3287E+00  5.4279E-03
 -7.3037E+00  5.7487E-03
 -7.2786E+00  5.9908E-03
 -7.2536E+00  6.1412E-03
 -7.2286E+00  6.1918E-03
 -7.2036E+00  6.1393E-03
 -7.1786E+00  5.9864E-03
 -7.1536E+00  5.7418E-03
 -7.1286E+00  5.4212E-03
 -7.1036E+00  5.0473E-03
 -7.0785E+00  4.6489E-03
 -7.0535E+00  4.2595E-03
 -7.0285E+00  3.9157E-03
 -7.0035E+00  3.6546E-03
 -6.9785E+00  3.5119E-03
 -6.9535E+00  3.5203E-03
 -6.9285E+00  3.7084E-03
 -6.9035E+00  4.0991E-03
 -6.8784E+00  4.7084E-03
 -6.8534E+00  5.5439E-03
 -6.8284E+00  6.6030E-03
 -6.8034E+00  7.8721E-03
 -6.7784E+00  9.3261E-03
 -6.7534E+00  1.0930E-02
 -6.7284E+00  1.2640E-02
 -6.7034E+00  1.4407E-02
 -6.6783E+00  1.6181E-02
 -6.6533E+00  1.7909E-02
 -6.6283E+00  1.9537E-02
 -6.6033E+00  2.1014E-02
 -6.5783E+00  2.2284E-02
 -6.5533E+00  2.3298E-02
 -6.5283E+00  2.4007E-02
 -6.5033E+00  2.4375E-02
 -6.4782E+00  2.4377E-02
 -6.4532E+00  2.4008E-02
 -6.4282E+00  2.3284E-02
 -6.4032E+00  2.2240E-02
 -6.3782E+00  2.0924E-02
 -6.3532E+00  1.9400E-02
 -6.3282E+00  1.7735E-02
 -6.3032E+00  1.6004E-02
 -6.2781E+00  1.4279E-02
 -6.2531E+00  1.2641E-02
 -6.2281E+00  1.1168E-02
 -6.2031E+00  9.9395E-03
 -6.1781E+00  9.0326E-03
 -6.1531E+00  8.5140E-03
 -6.1281E+00  8.4373E-03
 -6.1031E+00  8.8379E-03
 -6.0780E+00  9.7325E-03
 -6.0530E+00  1.1119E-02
 -6.0280E+00  1.2980E-02
 -6.0030E+00  1.5280E-02
 -5.9780E+00  1.7970E-02
 -5.9530E+00  2.0983E-02
 -5.9280E+00  2.4233E-02
 -5.9030E+00  2.7617E-02
 -5.8779E+00  3.1017E-02
 -5.8529E+00  3.4312E-02
 -5.8279E+00  3.7388E-02
 -5.8029E+00  4.0147E-02
 -5.7779E+00  4.2513E-02
 -5.7529E+00  4.4437E-02
 -5.7279E+00  4.5886E-02
 -5.7029E+00  4.6844E-02
 -5.6778E+00  4.7298E-02
 -5.6528E+00  4.7245E-02
 -5.6278E+00  4.6687E-02
 -5.6028E+00  4.5648E-02
 -5.5778E+00  4.4172E-02
 -5.5528E+00  4.2335E-02
 -5.5278E+00  4.0240E-02
 -5.5028E+00  3.8009E-02
 -5.4777E+00  3.5767E-02
 -5.4527E+00  3.3633E-02
 -5.4277E+00  3.1707E-02
 -5.4027E+00  3.0066E-02
 -5.3777E+00  2.8765E-02
 -5.3527E+00  2.7836E-02
 -5.3277E+00  2.7287E-02
 -5.3027E+00  2.7109E-02
 -5.2776E+00  2.7267E-02
 -5.2526E+00  2.7709E-02
 -5.2276E+00  2.8364E-02
 -5.2026E+00  2.9152E-02
 -5.1776E+00  2.9990E-02
 -5.1526E+00  3.0797E-02
 -5.1276E+00  3.1494E-02
 -5.1026E+00  3.2004E-02
 -5.0775E+00  3.2249E-02
 -5.0525E+00  3.2156E-02
 -5.0275E+00  3.1668E-02
 -5.0025E+00  3.0757E-02
 -4.9775E+00  2.9448E-02
 -4.9525E+00  2.7830E-02
 -4.9275E+00  2.6052E-02
 -4.9025E+00  2.4317E-02
 -4.8774E+00  2.2861E-02
 -4.8524E+00  2.1944E-02
 -4.8274E+00  2.1835E-02
 -4.8024E+00  2.2819E-02
 -4.7774E+00  2.5204E-02
 -4.7524E+00  2.9317E-02
 -4.7274E+00  3.5476E-02
 -4.7024E+00  4.3955E-02
 -4.6773E+00  5.4952E-02
 -4.6523E+00  6.8596E-02
 -4.6273E+00  8.4971E-02
 -4.6023E+00  1.0417E-01
 -4.5773E+00  1.2633E-01
 -4.5523E+00  1.5157E-01
 -4.5273E+00  1.7997E-01
 -4.5023E+00  2.1141E-01
 -4.4772E+00  2.4549E-01
 -4.4522E+00  2.8152E-01
 -4.4272E+00  3.1857E-01
 -4.4022E+00  3.5565E-01
 -4.3772E+00  3.9195E-01
 -4.3522E+00  4.2700E-01
 -4.3272E+00  4.6068E-01
 -4.3022E+00  4.9314E-01
 -4.2771E+00  5.2461E-01
 -4.2521E+00  5.5506E-01
 -4.2271E+00  5.8391E-01
 -4.2021E+00  6.0969E-01
 -4.1771E+00  6.2993E-01
 -4.1521E+00  6.4182E-01
 -4.1271E+00  6.4369E-01
 -4.1021E+00  6.3672E-01
 -4.0770E+00  6.2540E-01
 -4.0520E+00  6.1558E-01
 -4.0270E+00  6.1081E-01
 -4.0020E+00  6.0839E-01
 -3.9770E+00  5.9778E-01
 -3.9520E+00  5.6599E-01
 -3.9270E+00  5.1081E-01
 -3.9020E+00  4.4974E-01
 -3.8769E+00  4.2044E-01
 -3.8519E+00  5.3324E-01
 -3.8269E+00  4.4372E-01
 -3.8019E+00  1.9267E-01
 -3.7769E+00  1.9918E-01
 -3.7519E+00  4.1450E-01
 -3.7269E+00  3.6819E-01
 -3.7019E+00  1.3193E-01
 -3.6768E+00  7.8277E-02
 -3.6518E+00  9.9616E-02
 -3.6268E+00  2.1635E-01
 -3.6018E+00  2.1303E-01
 -3.5768E+00  6.9794E-02
 -3.5518E+00  2.8577E-02
 -3.5268E+00  2.1862E-02
 -3.5018E+00  2.7199E-02
 -3.4767E+00  5.3342E-02
 -3.4517E+00  4.6446E-02
 -3.4267E+00  1.5189E-02
 -3.4017E+00  1.0530E-02
 -3.3767E+00  7.2101E-03
 -3.3517E+00  5.3513E-03
 -3.3267E+00  6.8736E-03
 -3.3017E+00  9.5356E-03
 -3.2766E+00  5.4674E-03
 -3.2516E+00  8.7972E-03
 -3.2266E+00  9.1540E-03
 -3.2016E+00  4.2541E-03
 -3.1766E+00  5.4731E-03
 -3.1516E+00  4.2322E-03
 -3.1266E+00  2.3904E-03
 -3.1016E+00  2.3615E-03
 -3.0765E+00  2.4962E-03
 -3.0515E+00  4.0494E-03
 -3.0265E+00  5.3788E-03
 -3.0015E+00  6.9292E-03
 -2.9765E+00  2.3396E-02
 -2.9515E+00  6.4019E-02
 -2.9265E+00  9.5185E-02
 -2.9015E+00  8.0353E-02
 -2.8764E+00  4.2147E-02
 -2.8514E+00  1.8604E-02
 -2.8264E+00  1.2520E-02
 -2.8014E+00  1.5361E-02
 -2.7764E+00  3.0969E-02
 -2.7514E+00  6.7457E-02
 -2.7264E+00  1.2455E-01
 -2.7014E+00  1.8878E-01
 -2.6763E+00  2.3755E-01
 -2.6513E+00  2.5157E-01
 -2.6263E+00  2.2666E-01
 -2.6013E+00  1.7545E-01
 -2.5763E+00  1.1809E-01
 -2.5513E+00  7.0446E-02
 -2.5263E+00  3.8574E-02
 -2.5013E+00  2.0685E-02
 -2.4762E+00  1.1961E-02
 -2.4512E+00  8.0289E-03
 -2.4262E+00  6.1548E-03
 -2.4012E+00  5.0459E-03
 -2.3762E+00  4.2414E-03
 -2.3512E+00  3.6066E-03
 -2.3262E+00  3.0823E-03
 -2.3012E+00  2.6322E-03
 -2.2761E+00  2.2446E-03
 -2.2511E+00  1.9088E-03
 -2.2261E+00  1.6110E-03
 -2.2011E+00  1.3520E-03
 -2.1761E+00  1.1260E-03
 -2.1511E+00  9.2939E-04
 -2.1261E+00  7.5961E-04
 -2.1011E+00  6.1428E-04
 -2.0760E+00  4.9128E-04
 -2.0510E+00  3.8858E-04
 -2.0260E+00  3.0421E-04
 -2.0010E+00  2.3624E-04
 -1.9760E+00  1.8278E-04
 -1.9510E+00  1.4199E-04
 -1.9260E+00  1.1208E-04
 -1.9010E+00  9.1354E-05
 -1.8759E+00  7.8189E-05
 -1.8509E+00  7.1084E-05
 -1.8259E+00  6.8665E-05
 -1.8009E+00  6.9701E-05
 -1.7759E+00  7.3107E-05
 -1.7509E+00  7.7961E-05
 -1.7259E+00  8.3500E-05
 -1.7009E+00  8.9125E-05
 -1.6758E+00  9.4401E-05
 -1.6508E+00  9.9058E-05
 -1.6258E+00  1.0299E-04
 -1.6008E+00  1.0628E-04
 -1.5758E+00  1.0920E-04
 -1.5508E+00  1.1230E-04
 -1.5258E+00  1.1650E-04
 -1.5008E+00  1.2340E-04
 -1.4757E+00  1.3579E-04
 -1.4507E+00  1.5918E-04
 -1.4257E+00  2.0593E-04
 -1.4007E+00  3.0989E-04
 -1.3757E+00  5.9948E-04
 -1.3507E+00  2.0578E-03
 -1.3257E+00  8.2910E-02
 -1.3007E+00  3.0643E-02
 -1.2756E+00  2.4353E-02
 -1.2506E+00  2.3727E-02
 -1.2256E+00  7.4898E-03
 -1.2006E+00  6.6961E-03
 -1.1756E+00  4.6475E-03
 -1.1506E+00  1.4087E-02
 -1.1256E+00  3.8295E-03
 -1.1006E+00  3.1529E-02
 -1.0755E+00  3.4087E-03
 -1.0505E+00  1.9700E-03
 -1.0255E+00  1.7905E-03
 -1.0005E+00  1.6130E-03
 -9.7549E-01  1.2460E-03
 -9.5048E-01  9.2818E-04
 -9.2546E-01  8.4772E-04
 -9.0045E-01  1.5129E-03
 -8.7544E-01  1.5611E-02
 -8.5043E-01  6.3404E-04
 -8.2541E-01  3.1007E-04
 -8.0040E-01  2.2449E-03
 -7.7539E-01  2.7066E-04
 -7.5038E-01  1.7509E-04
 -7.2536E-01  6.1937E-04
 -7.0035E-01  7.7453E-05
 -6.7534E-01  9.1953E-04
 -6.5033E-01  5.3704E-05
 -6.2531E-01  2.6860E-04
 -6.0030E-01  5.9045E-05
 -5.7529E-01  7.9294E-05
 -5.5028E-01  1.9249E-04
 -5.2526E-01  5.9399E-05
 -5.0025E-01  2.6265E-04
 -4.7524E-01  1.5418E-04
 -4.5023E-01  7.1794E-05
 -4.2521E-01  1.7203E-04
 -4.0020E-01  7.5538E-04
 -3.7519E-01  9.4061E-05
 -3.5018E-01  7.6991E-05
 -3.2516E-01  1.5539E-04
 -3.0015E-01  4.3598E-03
 -2.7514E-01  1.7692E-04
 -2.5013E-01  7.3279E-05
 -2.2511E-01  5.6787E-05
 -2.0010E-01  5.8346E-05
 -1.7509E-01  7.7248E-05
 -1.5008E-01  1.4785E-04
 -1.2506E-01  5.6998E-04
 -1.0005E-01  1.4853E-03
 -7.5038E-02  2.7505E-04
 -5.0025E-02  1.1389E-04
 -2.5013E-02  7.0705E-05
  0.0000E+00  5.4552E-05
  2.5013E-02  4.9340E-05
  5.0025E-02  5.3304E-05
  7.5038E-02  8.0242E-05
  1.0005E-01  2.6074E-04
  1.2506E-01  7.7702E-05
  1.5008E-01  2.5175E-05
  1.7509E-01  1.8253E-05
  2.0010E-01  1.6552E-05
  2.2511E-01  1.5961E-05
  2.5013E-01  1.5694E-05
  2.7514E-01  1.5765E-05
  3.0015E-01  2.4095E-05
  3.2516E-01  1.4128E-05
  3.5018E-01  1.3652E-05
  3.7519E-01  1.3770E-05
  4.0020E-01  3.5359E-05
  4.2521E-01  1.9681E-05
  4.5023E-01  1.5131E-05
  4.7524E-01  3.1086E-05
  5.0025E-01  6.8382E-05
  5.2526E-01  2.1561E-05
  5.5028E-01  9.6486E-05
  5.7529E-01  4.7751E-05
  6.0030E-01  4.0334E-05
  6.2531E-01  2.3319E-04
  6.5033E-01  3.8592E-05
  6.7534E-01  6.1371E-04
  7.0035E-01  4.0345E-05
  7.2536E-01  1.9932E-04
  7.5038E-01  4.4147E-05
  7.7539E-01  4.2487E-05
  8.0040E-01  1.0524E-04
  8.2541E-01  3.0271E-05
  8.5043E-01  3.5222E-05
  8.7544E-01  2.5196E-04
  9.0045E-01  1.1241E-04
  9.2546E-01  1.2848E-04
  9.5048E-01  1.9578E-04
  9.7549E-01  3.7539E-04
  1.0005E+00  6.4136E-04
  1.0255E+00  7.8958E-04
  1.0505E+00  9.8710E-04
  1.0755E+00  1.9581E-03
  1.1006E+00  1.9510E-02
  1.1256E+00  3.5691E-03
  1.1506E+00  1.2849E-02
  1.1756E+00  7.6249E-03
  1.2006E+00  1.2902E-02
  1.2256E+00  1.9581E-02
  1.2506E+00  4.6093E-02
  1.2756E+00  6.7503E-02
  1.3007E+00  1.1116E-01
  1.3257E+00  3.6262E-01
  1.3507E+00  1.0205E-02
  1.3757E+00  3.1561E-03
  1.4007E+00  1.6488E-03
  1.4257E+00  1.0532E-03
  1.4507E+00  7.4862E-04
  1.4757E+00  5.6868E-04
  1.5008E+00  4.5230E-04
  1.5258E+00  3.7241E-04
  1.5508E+00  3.1529E-04
  1.5758E+00  2.7330E-04
  1.6008E+00  2.4177E-04
  1.6258E+00  2.1776E-04
  1.6508E+00  1.9931E-04
  1.6758E+00  1.8515E-04
  1.7009E+00  1.7442E-04
  1.7259E+00  1.6652E-04
  1.7509E+00  1.6100E-04
  1.7759E+00  1.5747E-04
  1.8009E+00  1.5557E-04
  1.8259E+00  1.5499E-04
  1.8509E+00  1.5542E-04
  1.8759E+00  1.5661E-04
  1.9010E+00  1.5833E-04
  1.9260E+00  1.6036E-04
  1.9510E+00  1.6250E-04
  1.9760E+00  1.6456E-04
  2.0010E+00  1.6636E-04
  2.0260E+00  1.6779E-04
  2.0510E+00  1.6877E-04
  2.0760E+00  1.6935E-04
  2.1011E+00  1.6977E-04
  2.1261E+00  1.7058E-04
  2.1511E+00  1.7301E-04
  2.1761E+00  1.7986E-04
  2.2011E+00  1.9904E-04
  2.2261E+00  2.6682E-04
  2.2511E+00  5.7320E-04
  2.2761E+00  9.9724E-04
  2.3012E+00  8.1439E-04
  2.3262E+00  9.2991E-04
  2.3512E+00  2.7093E-03
  2.3762E+00  6.7993E-03
  2.4012E+00  1.3043E-02
  2.4262E+00  2.0703E-02
  2.4512E+00  2.8695E-02
  2.4762E+00  3.5774E-02
  2.5013E+00  4.0703E-02
  2.5263E+00  4.2494E-02
  2.5513E+00  4.0733E-02
  2.5763E+00  3.5844E-02
  2.6013E+00  2.9042E-02
  2.6263E+00  2.1909E-02
  2.6513E+00  1.5805E-02
  2.6763E+00  1.1483E-02
  2.7014E+00  9.0980E-03
  2.7264E+00  8.4877E-03
  2.7514E+00  9.6414E-03
  2.7764E+00  1.3833E-02
  2.8014E+00  2.8001E-02
  2.8264E+00  6.3308E-02
  2.8514E+00  1.1842E-01
  2.8764E+00  1.6626E-01
  2.9015E+00  1.7199E-01
  2.9265E+00  1.3135E-01
  2.9515E+00  7.6026E-02
  2.9765E+00  3.6275E-02
  3.0015E+00  1.7419E-02
  3.0265E+00  1.0929E-02
  3.0515E+00  9.2773E-03
  3.0765E+00  9.5160E-03
  3.1016E+00  1.2256E-02
  3.1266E+00  2.0487E-02
  3.1516E+00  4.0790E-02
  3.1766E+00  6.8759E-02
  3.2016E+00  7.6247E-02
  3.2266E+00  4.8655E-02
  3.2516E+00  1.8110E-02
  3.2766E+00  7.3935E-03
  3.3017E+00  6.8061E-03
  3.3267E+00  1.2359E-02
  3.3517E+00  1.7780E-02
  3.3767E+00  1.4841E-02
  3.4017E+00  1.2428E-02
  3.4267E+00  9.0142E-03
  3.4517E+00  5.5888E-03
  3.4767E+00  7.2325E-03
  3.5018E+00  1.6512E-02
  3.5268E+00  3.5054E-02
  3.5518E+00  3.7008E-02
  3.5768E+00  1.9352E-02
  3.6018E+00  1.0454E-02
  3.6268E+00  9.8411E-03
  3.6518E+00  1.6329E-02
  3.6768E+00  3.4941E-02
  3.7019E+00  3.9292E-02
  3.7269E+00  1.8700E-02
  3.7519E+00  1.0342E-02
  3.7769E+00  1.1938E-02
  3.8019E+00  2.3092E-02
  3.8269E+00  2.2456E-02
  3.8519E+00  1.1472E-02
  3.8769E+00  1.1769E-02
  3.9020E+00  1.2235E-02
  3.9270E+00  1.1883E-02
  3.9520E+00  1.1379E-02
  3.9770E+00  1.1333E-02
  4.0020E+00  1.2046E-02
  4.0270E+00  1.3576E-02
  4.0520E+00  1.5853E-02
  4.0770E+00  1.8748E-02
  4.1021E+00  2.2109E-02
  4.1271E+00  2.5779E-02
  4.1521E+00  2.9615E-02
  4.1771E+00  3.3497E-02
  4.2021E+00  3.7334E-02
  4.2271E+00  4.1055E-02
  4.2521E+00  4.4600E-02
  4.2771E+00  4.7892E-02
  4.3022E+00  5.0820E-02
  4.3272E+00  5.3235E-02
  4.3522E+00  5.4960E-02
  4.3772E+00  5.5835E-02
  4.4022E+00  5.5757E-02
  4.4272E+00  5.4713E-02
  4.4522E+00  5.2787E-02
  4.4772E+00  5.0134E-02
  4.5023E+00  4.6933E-02
  4.5273E+00  4.3354E-02
  4.5523E+00  3.9541E-02
  4.5773E+00  3.5613E-02
  4.6023E+00  3.1680E-02
  4.6273E+00  2.7859E-02
  4.6523E+00  2.4284E-02
  4.6773E+00  2.1100E-02
  4.7024E+00  1.8456E-02
  4.7274E+00  1.6485E-02
  4.7524E+00  1.5289E-02
  4.7774E+00  1.4935E-02
  4.8024E+00  1.5456E-02
  4.8274E+00  1.6848E-02
  4.8524E+00  1.9069E-02
  4.8774E+00  2.2040E-02
  4.9025E+00  2.5638E-02
  4.9275E+00  2.9711E-02
  4.9525E+00  3.4081E-02
  4.9775E+00  3.8570E-02
  5.0025E+00  4.3015E-02
  5.0275E+00  4.7277E-02
  5.0525E+00  5.1244E-02
  5.0775E+00  5.4821E-02
  5.1026E+00  5.7920E-02
  5.1276E+00  6.0454E-02
  5.1526E+00  6.2329E-02
  5.1776E+00  6.3464E-02
  5.2026E+00  6.3795E-02
  5.2276E+00  6.3305E-02
  5.2526E+00  6.2024E-02
  5.2776E+00  6.0042E-02
  5.3027E+00  5.7488E-02
  5.3277E+00  5.4517E-02
  5.3527E+00  5.1288E-02
  5.3777E+00  4.7950E-02
  5.4027E+00  4.4629E-02
  5.4277E+00  4.1434E-02
  5.4527E+00  3.8450E-02
  5.4777E+00  3.5750E-02
  5.5028E+00  3.3390E-02
  5.5278E+00  3.1412E-02
  5.5528E+00  2.9842E-02
  5.5778E+00  2.8689E-02
  5.6028E+00  2.7937E-02
  5.6278E+00  2.7552E-02
  5.6528E+00  2.7479E-02
  5.6778E+00  2.7646E-02
  5.7029E+00  2.7963E-02
  5.7279E+00  2.8333E-02
  5.7529E+00  2.8651E-02
  5.7779E+00  2.8818E-02
  5.8029E+00  2.8746E-02
  5.8279E+00  2.8371E-02
  5.8529E+00  2.7658E-02
  5.8779E+00  2.6608E-02
  5.9030E+00  2.5260E-02
  5.9280E+00  2.3683E-02
  5.9530E+00  2.1974E-02
  5.9780E+00  2.0254E-02
  6.0030E+00  1.8666E-02
  6.0280E+00  1.7368E-02
  6.0530E+00  1.6536E-02
  6.0780E+00  1.6355E-02
  6.1031E+00  1.7017E-02
  6.1281E+00  1.8705E-02
  6.1531E+00  2.1590E-02
  6.1781E+00  2.5819E-02
  6.2031E+00  3.1510E-02
  6.2281E+00  3.8756E-02
  6.2531E+00  4.7613E-02
  6.2781E+00  5.8108E-02
  6.3032E+00  7.0225E-02
  6.3282E+00  8.3901E-02
  6.3532E+00  9.9011E-02
  6.3782E+00  1.1537E-01
  6.4032E+00  1.3271E-01
  6.4282E+00  1.5073E-01
  6.4532E+00  1.6909E-01
  6.4782E+00  1.8743E-01
  6.5033E+00  2.0542E-01
  6.5283E+00  2.2276E-01
  6.5533E+00  2.3918E-01
  6.5783E+00  2.5443E-01
  6.6033E+00  2.6828E-01
  6.6283E+00  2.8050E-01
  6.6533E+00  2.9084E-01
  6.6783E+00  2.9904E-01
  6.7034E+00  3.0487E-01
  6.7284E+00  3.0815E-01
  6.7534E+00  3.0877E-01
  6.7784E+00  3.0673E-01
  6.8034E+00  3.0211E-01
  6.8284E+00  2.9510E-01
  6.8534E+00  2.8595E-01
  6.8784E+00  2.7492E-01
  6.9035E+00  2.6231E-01
  6.9285E+00  2.4836E-01
  6.9535E+00  2.3332E-01
  6.9785E+00  2.1744E-01
  7.0035E+00  2.0092E-01
  7.0285E+00  1.8402E-01
  7.0535E+00  1.6697E-01
  7.0785E+00  1.5005E-01
  7.1036E+00  1.3352E-01
  7.1286E+00  1.1761E-01
  7.1536E+00  1.0254E-01
  7.1786E+00  8.8481E-02
  7.2036E+00  7.5542E-02
  7.2286E+00  6.3793E-02
  7.2536E+00  5.3263E-02
  7.2786E+00  4.3944E-02
  7.3037E+00  3.5804E-02
  7.3287E+00  2.8792E-02
  7.3537E+00  2.2842E-02
  7.3787E+00  1.7875E-02
  7.4037E+00  1.3804E-02
  7.4287E+00  1.0532E-02
  7.4537E+00  7.9569E-03
  7.4787E+00  5.9752E-03
  7.5038E+00  4.4859E-03
  7.5288E+00  3.3939E-03
  7.5538E+00  2.6130E-03
  7.5788E+00  2.0684E-03
  7.6038E+00  1.6976E-03
  7.6288E+00  1.4506E-03
  7.6538E+00  1.2899E-03
  7.6788E+00  1.1899E-03
  7.7039E+00  1.1354E-03
  7.7289E+00  1.1205E-03
  7.7539E+00  1.1468E-03
  7.7789E+00  1.2215E-03
  7.8039E+00  1.3553E-03
  7.8289E+00  1.5609E-03
  7.8539E+00  1.8512E-03
  7.8789E+00  2.2374E-03
  7.9040E+00  2.7281E-03
  7.9290E+00  3.3276E-03
  7.9540E+00  4.0355E-03
  7.9790E+00  4.8457E-03
  8.0040E+00  5.7467E-03
  8.0290E+00  6.7217E-03
  8.0540E+00  7.7502E-03
  8.0790E+00  8.8087E-03
  8.1041E+00  9.8720E-03
  8.1291E+00  1.0914E-02
  8.1541E+00  1.1910E-02
  8.1791E+00  1.2834E-02
  8.2041E+00  1.3662E-02
  8.2291E+00  1.4372E-02
  8.2541E+00  1.4942E-02
  8.2791E+00  1.5355E-02
  8.3042E+00  1.5599E-02
  8.3292E+00  1.5667E-02
  8.3542E+00  1.5558E-02
  8.3792E+00  1.5278E-02
  8.4042E+00  1.4838E-02
  8.4292E+00  1.4257E-02
  8.4542E+00  1.3553E-02
  8.4792E+00  1.2747E-02
  8.5043E+00  1.1863E-02
  8.5293E+00  1.0922E-02
  8.5543E+00  9.9458E-03
  8.5793E+00  8.9565E-03
  8.6043E+00  7.9739E-03
  8.6293E+00  7.0173E-03
  8.6543E+00  6.1041E-03
  8.6793E+00  5.2497E-03
  8.7044E+00  4.4664E-03
  8.7294E+00  3.7634E-03
  8.7544E+00  3.1463E-03
  8.7794E+00  2.6169E-03
  8.8044E+00  2.1744E-03
  8.8294E+00  1.8146E-03
  8.8544E+00  1.5316E-03
  8.8794E+00  1.3177E-03
  8.9045E+00  1.1639E-03
  8.9295E+00  1.0606E-03
  8.9545E+00  9.9777E-04
  8.9795E+00  9.6570E-04
  9.0045E+00  9.5502E-04
  9.0295E+00  9.5723E-04
  9.0545E+00  9.6490E-04
  9.0795E+00  9.7189E-04
  9.1046E+00  9.7341E-04
  9.1296E+00  9.6600E-04
  9.1546E+00  9.4750E-04
  9.1796E+00  9.1692E-04
  9.2046E+00  8.7433E-04
  9.2296E+00  8.2077E-04
  9.2546E+00  7.5801E-04
  9.2796E+00  6.8845E-04
  9.3047E+00  6.1489E-04
  9.3297E+00  5.4029E-04
  9.3547E+00  4.6759E-04
  9.3797E+00  3.9947E-04
  9.4047E+00  3.3822E-04
  9.4297E+00  2.8563E-04
  9.4547E+00  2.4293E-04
  9.4797E+00  2.1078E-04
  9.5048E+00  1.8927E-04
  9.5298E+00  1.7799E-04
  9.5548E+00  1.7608E-04
  9.5798E+00  1.8227E-04
  9.6048E+00  1.9500E-04
  9.6298E+00  2.1252E-04
  9.6548E+00  2.3300E-04
  9.6798E+00  2.5461E-04
  9.7049E+00  2.7567E-04
  9.7299E+00  2.9467E-04
  9.7549E+00  3.1037E-04
  9.7799E+00  3.2181E-04
  9.8049E+00  3.2830E-04
  9.8299E+00  3.2948E-04
  9.8549E+00  3.2526E-04
  9.8799E+00  3.1584E-04
  9.9050E+00  3.0166E-04
  9.9300E+00  2.8338E-04
  9.9550E+00  2.6185E-04
  9.9800E+00  2.3801E-04
  1.0005E+01  2.1286E-04
  1.0030E+01  1.8738E-04
  1.0055E+01  1.6247E-04
  1.0080E+01  1.3891E-04
  1.0105E+01  1.1735E-04
  1.0130E+01  9.8258E-05
  1.0155E+01  8.1948E-05
  1.0180E+01  6.8568E-05
  1.0205E+01  5.8114E-05
  1.0230E+01  5.0446E-05
  1.0255E+01  4.5312E-05
  1.0280E+01  4.2365E-05
  1.0305E+01  4.1198E-05
  1.0330E+01  4.1370E-05
  1.0355E+01  4.2439E-05
  1.0380E+01  4.3982E-05
  1.0405E+01  4.5620E-05
  1.0430E+01  4.7034E-05
  1.0455E+01  4.7972E-05
  1.0480E+01  4.8255E-05
  1.0505E+01  4.7778E-05
  1.0530E+01  4.6505E-05
  1.0555E+01  4.4467E-05
  1.0580E+01  4.1748E-05
  1.0605E+01  3.8476E-05
  1.0630E+01  3.4807E-05
  1.0655E+01  3.0908E-05
  1.0680E+01  2.6947E-05
  1.0705E+01  2.3076E-05
  1.0730E+01  1.9427E-05
  1.0755E+01  1.6101E-05
  1.0780E+01  1.3172E-05
  1.0805E+01  1.0683E-05
  1.0830E+01  8.6521E-06
  1.0855E+01  7.0738E-06
  1.0880E+01  5.9282E-06
  1.0905E+01  5.1842E-06
  1.0930E+01  4.8060E-06
  1.0955E+01  4.7588E-06
  1.0980E+01  5.0120E-06
  1.1006E+01  5.5430E-06
  1.1031E+01  6.3371E-06
  1.1056E+01  7.3871E-06
  1.1081E+01  8.6903E-06
  1.1106E+01  1.0244E-05
  1.1131E+01  1.2043E-05
  1.1156E+01  1.4068E-05
  1.1181E+01  1.6291E-05
  1.1206E+01  1.8665E-05
  1.1231E+01  2.1126E-05
  1.1256E+01  2.3599E-05
  1.1281E+01  2.6002E-05
  1.1306E+01  2.8258E-05
  1.1331E+01  3.0308E-05
  1.1356E+01  3.2128E-05
  1.1381E+01  3.3747E-05
  1.1406E+01  3.5269E-05
  1.1431E+01  3.6894E-05
  1.1456E+01  3.8939E-05
  1.1481E+01  4.1859E-05
  1.1506E+01  4.6264E-05
  1.1531E+01  5.2930E-05
  1.1556E+01  6.2799E-05
  1.1581E+01  7.6979E-05
  1.1606E+01  9.6729E-05
  1.1631E+01  1.2344E-04
  1.1656E+01  1.5858E-04
  1.1681E+01  2.0372E-04
  1.1706E+01  2.6043E-04
  1.1731E+01  3.3022E-04
  1.1756E+01  4.1453E-04
  1.1781E+01  5.1459E-04
  1.1806E+01  6.3137E-04
  1.1831E+01  7.6550E-04
  1.1856E+01  9.1717E-04
  1.1881E+01  1.0861E-03
  1.1906E+01  1.2715E-03
  1.1931E+01  1.4722E-03
  1.1956E+01  1.6864E-03
  1.1981E+01  1.9119E-03
  1.2006E+01  2.1462E-03
  1.2031E+01  2.3862E-03
  1.2056E+01  2.6286E-03
  1.2081E+01  2.8697E-03
  1.2106E+01  3.1053E-03
  1.2131E+01  3.3310E-03
  1.2156E+01  3.5423E-03
  1.2181E+01  3.7348E-03
  1.2206E+01  3.9042E-03
  1.2231E+01  4.0467E-03
  1.2256E+01  4.1591E-03
  1.2281E+01  4.2390E-03
  1.2306E+01  4.2849E-03
  1.2331E+01  4.2958E-03
  1.2356E+01  4.2717E-03
  1.2381E+01  4.2132E-03
  1.2406E+01  4.1213E-03
  1.2431E+01  3.9978E-03
  1.2456E+01  3.8451E-03
  1.2481E+01  3.6659E-03
  1.2506E+01  3.4638E-03
  1.2531E+01  3.2427E-03
  1.2556E+01  3.0072E-03
  1.2581E+01  2.7618E-03
  1.2606E+01  2.5115E-03
  1.2631E+01  2.2609E-03
  1.2656E+01  2.0145E-03
  1.2681E+01  1.7760E-03
  1.2706E+01  1.5489E-03
  1.2731E+01  1.3358E-03
  1.2756E+01  1.1389E-03
  1.2781E+01  9.5960E-04
  1.2806E+01  7.9878E-04
  1.2831E+01  6.5675E-04
  1.2856E+01  5.3332E-04
  1.2881E+01  4.2783E-04
  1.2906E+01  3.3924E-04
  1.2931E+01  2.6620E-04
  1.2956E+01  2.0718E-04
  1.2981E+01  1.6055E-04
  1.3007E+01  1.2472E-04
  1.3032E+01  9.8263E-05
  1.3057E+01  7.9971E-05
  1.3082E+01  6.8972E-05
  1.3107E+01  6.4762E-05
  1.3132E+01  6.7235E-05
  1.3157E+01  7.6680E-05
  1.3182E+01  9.3754E-05
  1.3207E+01  1.1943E-04
  1.3232E+01  1.5491E-04
  1.3257E+01  2.0156E-04
  1.3282E+01  2.6077E-04
  1.3307E+01  3.3389E-04
  1.3332E+01  4.2206E-04
  1.3357E+01  5.2614E-04
  1.3382E+01  6.4657E-04
  1.3407E+01  7.8326E-04
  1.3432E+01  9.3548E-04
  1.3457E+01  1.1018E-03
  1.3482E+01  1.2802E-03
  1.3507E+01  1.4677E-03
  1.3532E+01  1.6610E-03
  1.3557E+01  1.8560E-03
  1.3582E+01  2.0484E-03
  1.3607E+01  2.2337E-03
  1.3632E+01  2.4072E-03
  1.3657E+01  2.5645E-03
  1.3682E+01  2.7012E-03
  1.3707E+01  2.8133E-03
  1.3732E+01  2.8974E-03
  1.3757E+01  2.9505E-03
  1.3782E+01  2.9706E-03
  1.3807E+01  2.9563E-03
  1.3832E+01  2.9076E-03
  1.3857E+01  2.8256E-03
  1.3882E+01  2.7126E-03
  1.3907E+01  2.5718E-03
  1.3932E+01  2.4077E-03
  1.3957E+01  2.2254E-03
  1.3982E+01  2.0305E-03
  1.4007E+01  1.8291E-03
  1.4032E+01  1.6272E-03
  1.4057E+01  1.4309E-03
  1.4082E+01  1.2457E-03
  1.4107E+01  1.0770E-03
  1.4132E+01  9.2906E-04
  1.4157E+01  8.0571E-04
  1.4182E+01  7.0956E-04
  1.4207E+01  6.4212E-04
  1.4232E+01  6.0369E-04
  1.4257E+01  5.9337E-04
  1.4282E+01  6.0908E-04
  1.4307E+01  6.4772E-04
  1.4332E+01  7.0526E-04
  1.4357E+01  7.7698E-04
  1.4382E+01  8.5769E-04
  1.4407E+01  9.4190E-04
  1.4432E+01  1.0241E-03
  1.4457E+01  1.0991E-03
  1.4482E+01  1.1621E-03
  1.4507E+01  1.2091E-03
  1.4532E+01  1.2374E-03
  1.4557E+01  1.2449E-03
  1.4582E+01  1.2315E-03
  1.4607E+01  1.1977E-03
  1.4632E+01  1.1459E-03
  1.4657E+01  1.0792E-03
  1.4682E+01  1.0020E-03
  1.4707E+01  9.1940E-04
  1.4732E+01  8.3723E-04
  1.4757E+01  7.6163E-04
  1.4782E+01  6.9890E-04
  1.4807E+01  6.5511E-04
  1.4832E+01  6.3584E-04
  1.4857E+01  6.4588E-04
  1.4882E+01  6.8888E-04
  1.4907E+01  7.6721E-04
  1.4932E+01  8.8175E-04
  1.4957E+01  1.0318E-03
  1.4982E+01  1.2152E-03
  1.5008E+01  1.4279E-03
  1.5033E+01  1.6648E-03
  1.5058E+01  1.9192E-03
  1.5083E+01  2.1833E-03
  1.5108E+01  2.4485E-03
  1.5133E+01  2.7056E-03
  1.5158E+01  2.9453E-03
  1.5183E+01  3.1589E-03
  1.5208E+01  3.3383E-03
  1.5233E+01  3.4765E-03
  1.5258E+01  3.5684E-03
  1.5283E+01  3.6103E-03
  1.5308E+01  3.6006E-03
  1.5333E+01  3.5394E-03
  1.5358E+01  3.4290E-03
  1.5383E+01  3.2733E-03
  1.5408E+01  3.0784E-03
  1.5433E+01  2.8520E-03
  1.5458E+01  2.6030E-03
  1.5483E+01  2.3420E-03
  1.5508E+01  2.0801E-03
  1.5533E+01  1.8288E-03
  1.5558E+01  1.5995E-03
  1.5583E+01  1.4027E-03
  1.5608E+01  1.2481E-03
  1.5633E+01  1.1435E-03
  1.5658E+01  1.0951E-03
  1.5683E+01  1.1067E-03
  1.5708E+01  1.1802E-03
  1.5733E+01  1.3148E-03
  1.5758E+01  1.5075E-03
  1.5783E+01  1.7527E-03
  1.5808E+01  2.0430E-03
  1.5833E+01  2.3690E-03
  1.5858E+01  2.7197E-03
  1.5883E+01  3.0835E-03
  1.5908E+01  3.4480E-03
  1.5933E+01  3.8012E-03
  1.5958E+01  4.1316E-03
  1.5983E+01  4.4284E-03
  1.6008E+01  4.6824E-03
  1.6033E+01  4.8857E-03
  1.6058E+01  5.0327E-03
  1.6083E+01  5.1194E-03
  1.6108E+01  5.1445E-03
  1.6133E+01  5.1092E-03
  1.6158E+01  5.0168E-03
  1.6183E+01  4.8733E-03
  1.6208E+01  4.6865E-03
  1.6233E+01  4.4657E-03
  1.6258E+01  4.2214E-03
  1.6283E+01  3.9644E-03
  1.6308E+01  3.7057E-03
  1.6333E+01  3.4555E-03
  1.6358E+01  3.2228E-03
  1.6383E+01  3.0156E-03
  1.6408E+01  2.8400E-03
  1.6433E+01  2.6999E-03
  1.6458E+01  2.5974E-03
  1.6483E+01  2.5323E-03
  1.6508E+01  2.5022E-03
  1.6533E+01  2.5026E-03
  1.6558E+01  2.5275E-03
  1.6583E+01  2.5694E-03
  1.6608E+01  2.6198E-03
  1.6633E+01  2.6701E-03
  1.6658E+01  2.7114E-03
  1.6683E+01  2.7357E-03
  1.6708E+01  2.7364E-03
  1.6733E+01  2.7083E-03
  1.6758E+01  2.6487E-03
  1.6783E+01  2.5576E-03
  1.6808E+01  2.4383E-03
  1.6833E+01  2.2970E-03
  1.6858E+01  2.1433E-03
  1.6883E+01  1.9901E-03
  1.6908E+01  1.8528E-03
  1.6933E+01  1.7491E-03
  1.6958E+01  1.6989E-03
  1.6983E+01  1.7227E-03
  1.7009E+01  1.8420E-03
  1.7034E+01  2.0775E-03
  1.7059E+01  2.4490E-03
  1.7084E+01  2.9744E-03
  1.7109E+01  3.6682E-03
  1.7134E+01  4.5417E-03
  1.7159E+01  5.6015E-03
  1.7184E+01  6.8494E-03
  1.7209E+01  8.2822E-03
  1.7234E+01  9.8916E-03
  1.7259E+01  1.1664E-02
  1.7284E+01  1.3581E-02
  1.7309E+01  1.5620E-02
  1.7334E+01  1.7752E-02
  1.7359E+01  1.9945E-02
  1.7384E+01  2.2162E-02
  1.7409E+01  2.4366E-02
  1.7434E+01  2.6516E-02
  1.7459E+01  2.8569E-02
  1.7484E+01  3.0486E-02
  1.7509E+01  3.2229E-02
  1.7534E+01  3.3766E-02
  1.7559E+01  3.5066E-02
  1.7584E+01  3.6108E-02
  1.7609E+01  3.6873E-02
  1.7634E+01  3.7349E-02
  1.7659E+01  3.7528E-02
  1.7684E+01  3.7407E-02
  1.7709E+01  3.6991E-02
  1.7734E+01  3.6287E-02
  1.7759E+01  3.5311E-02
  1.7784E+01  3.4081E-02
  1.7809E+01  3.2625E-02
  1.7834E+01  3.0972E-02
  1.7859E+01  2.9157E-02
  1.7884E+01  2.7217E-02
  1.7909E+01  2.5187E-02
  1.7934E+01  2.3106E-02
  1.7959E+01  2.1009E-02
  1.7984E+01  1.8927E-02
  1.8009E+01  1.6890E-02
  1.8034E+01  1.4925E-02
  1.8059E+01  1.3053E-02
  1.8084E+01  1.1295E-02
  1.8109E+01  9.6651E-03
  1.8134E+01  8.1744E-03
  1.8159E+01  6.8304E-03
  1.8184E+01  5.6362E-03
  1.8209E+01  4.5911E-03
  1.8234E+01  3.6908E-03
  1.8259E+01  2.9280E-03
  1.8284E+01  2.2927E-03
  1.8309E+01  1.7733E-03
  1.8334E+01  1.3569E-03
  1.8359E+01  1.0299E-03
  1.8384E+01  7.7886E-04
  1.8409E+01  5.9074E-04
  1.8434E+01  4.5332E-04
  1.8459E+01  3.5555E-04
  1.8484E+01  2.8781E-04
  1.8509E+01  2.4209E-04
  1.8534E+01  2.1204E-04
  1.8559E+01  1.9303E-04
  1.8584E+01  1.8203E-04
  1.8609E+01  1.7752E-04
  1.8634E+01  1.7923E-04
  1.8659E+01  1.8798E-04
  1.8684E+01  2.0533E-04
  1.8709E+01  2.3335E-04
  1.8734E+01  2.7431E-04
  1.8759E+01  3.3041E-04
  1.8784E+01  4.0355E-04
  1.8809E+01  4.9508E-04
  1.8834E+01  6.0570E-04
  1.8859E+01  7.3528E-04
  1.8884E+01  8.8287E-04
  1.8909E+01  1.0467E-03
  1.8934E+01  1.2241E-03
  1.8959E+01  1.4117E-03
  1.8984E+01  1.6056E-03
  1.9010E+01  1.8013E-03
  1.9035E+01  1.9938E-03
  1.9060E+01  2.1782E-03
  1.9085E+01  2.3493E-03
  1.9110E+01  2.5026E-03
  1.9135E+01  2.6337E-03
  1.9160E+01  2.7391E-03
  1.9185E+01  2.8159E-03
  1.9210E+01  2.8625E-03
  1.9235E+01  2.8778E-03
  1.9260E+01  2.8618E-03
  1.9285E+01  2.8155E-03
  1.9310E+01  2.7404E-03
  1.9335E+01  2.6388E-03
  1.9360E+01  2.5137E-03
  1.9385E+01  2.3686E-03
  1.9410E+01  2.2073E-03
  1.9435E+01  2.0339E-03
  1.9460E+01  1.8530E-03
  1.9485E+01  1.6687E-03
  1.9510E+01  1.4855E-03
  1.9535E+01  1.3070E-03
  1.9560E+01  1.1367E-03
  1.9585E+01  9.7757E-04
  1.9610E+01  8.3175E-04
  1.9635E+01  7.0090E-04
  1.9660E+01  5.8600E-04
  1.9685E+01  4.8746E-04
  1.9710E+01  4.0513E-04
  1.9735E+01  3.3839E-04
  1.9760E+01  2.8619E-04
  1.9785E+01  2.4712E-04
  1.9810E+01  2.1955E-04
  1.9835E+01  2.0162E-04
  1.9860E+01  1.9144E-04
  1.9885E+01  1.8710E-04
  1.9910E+01  1.8678E-04
  1.9935E+01  1.8880E-04
  1.9960E+01  1.9170E-04
  1.9985E+01  1.9424E-04
  2.0010E+01  1.9545E-04
  2.0035E+01  1.9462E-04
  2.0060E+01  1.9133E-04
  2.0085E+01  1.8539E-04
  2.0110E+01  1.7687E-04
  2.0135E+01  1.6602E-04
  2.0160E+01  1.5326E-04
  2.0185E+01  1.3913E-04
  2.0210E+01  1.2422E-04
  2.0235E+01  1.0916E-04
  2.0260E+01  9.4543E-05
  2.0285E+01  8.0916E-05
  2.0310E+01  6.8742E-05
  2.0335E+01  5.8384E-05
  2.0360E+01  5.0093E-05
  2.0385E+01  4.4001E-05
  2.0410E+01  4.0123E-05
  2.0435E+01  3.8360E-05
  2.0460E+01  3.8517E-05
  2.0485E+01  4.0315E-05
  2.0510E+01  4.3415E-05
  2.0535E+01  4.7440E-05
  2.0560E+01  5.1998E-05
  2.0585E+01  5.6704E-05
  2.0610E+01  6.1198E-05
  2.0635E+01  6.5162E-05
  2.0660E+01  6.8331E-05
  2.0685E+01  7.0502E-05
  2.0710E+01  7.1542E-05
  2.0735E+01  7.1386E-05
  2.0760E+01  7.0042E-05
  2.0785E+01  6.7579E-05
  2.0810E+01  6.4122E-05
  2.0835E+01  5.9841E-05
  2.0860E+01  5.4934E-05
  2.0885E+01  4.9617E-05
  2.0910E+01  4.4107E-05
  2.0935E+01  3.8613E-05
  2.0960E+01  3.3323E-05
  2.0985E+01  2.8398E-05
  2.1011E+01  2.3969E-05
  2.1036E+01  2.0126E-05
  2.1061E+01  1.6928E-05
  2.1086E+01  1.4391E-05
  2.1111E+01  1.2502E-05
  2.1136E+01  1.1214E-05
  2.1161E+01  1.0458E-05
  2.1186E+01  1.0144E-05
  2.1211E+01  1.0175E-05
  2.1236E+01  1.0447E-05
  2.1261E+01  1.0858E-05
  2.1286E+01  1.1314E-05
  2.1311E+01  1.1735E-05
  2.1336E+01  1.2053E-05
  2.1361E+01  1.2219E-05
  2.1386E+01  1.2201E-05
  2.1411E+01  1.1985E-05
  2.1436E+01  1.1573E-05
  2.1461E+01  1.0982E-05
  2.1486E+01  1.0238E-05
  2.1511E+01  9.3770E-06
  2.1536E+01  8.4364E-06
  2.1561E+01  7.4561E-06
  2.1586E+01  6.4734E-06
  2.1611E+01  5.5214E-06
  2.1636E+01  4.6277E-06
  2.1661E+01  3.8134E-06
  2.1686E+01  3.0933E-06
  2.1711E+01  2.4763E-06
  2.1736E+01  1.9665E-06
  2.1761E+01  1.5637E-06
  2.1786E+01  1.2657E-06
  2.1811E+01  1.0689E-06
  2.1836E+01  9.6975E-07
  2.1861E+01  9.6586E-07
  2.1886E+01  1.0562E-06
  2.1911E+01  1.2412E-06
  2.1936E+01  1.5224E-06
  2.1961E+01  1.9016E-06
  2.1986E+01  2.3794E-06
  2.2011E+01  2.9540E-06
  2.2036E+01  3.6196E-06
  2.2061E+01  4.3653E-06
  2.2086E+01  5.1742E-06
  2.2111E+01  6.0237E-06
  2.2136E+01  6.8858E-06
  2.2161E+01  7.7294E-06
  2.2186E+01  8.5224E-06
  2.2211E+01  9.2361E-06
  2.2236E+01  9.8489E-06
  2.2261E+01  1.0352E-05
  2.2286E+01  1.0755E-05
  2.2311E+01  1.1093E-05
  2.2336E+01  1.1431E-05
  2.2361E+01  1.1869E-05
  2.2386E+01  1.2552E-05
  2.2411E+01  1.3667E-05
  2.2436E+01  1.5448E-05
  2.2461E+01  1.8173E-05
  2.2486E+01  2.2166E-05
  2.2511E+01  2.7784E-05
  2.2536E+01  3.5415E-05
  2.2561E+01  4.5467E-05
  2.2586E+01  5.8352E-05
  2.2611E+01  7.4477E-05
  2.2636E+01  9.4218E-05
  2.2661E+01  1.1791E-04
  2.2686E+01  1.4582E-04
  2.2711E+01  1.7813E-04
  2.2736E+01  2.1492E-04
  2.2761E+01  2.5616E-04
  2.2786E+01  3.0169E-04
  2.2811E+01  3.5122E-04
  2.2836E+01  4.0435E-04
  2.2861E+01  4.6052E-04
  2.2886E+01  5.1908E-04
  2.2911E+01  5.7925E-04
  2.2936E+01  6.4015E-04
  2.2961E+01  7.0080E-04
  2.2986E+01  7.6014E-04
  2.3012E+01  8.1705E-04
  2.3037E+01  8.7041E-04
  2.3062E+01  9.1910E-04
  2.3087E+01  9.6208E-04
  2.3112E+01  9.9839E-04
  2.3137E+01  1.0272E-03
  2.3162E+01  1.0480E-03
  2.3187E+01  1.0602E-03
  2.3212E+01  1.0635E-03
  2.3237E+01  1.0580E-03
  2.3262E+01  1.0436E-03
  2.3287E+01  1.0208E-03
  2.3312E+01  9.8982E-04
  2.3337E+01  9.5142E-04
  2.3362E+01  9.0632E-04
  2.3387E+01  8.5545E-04
  2.3412E+01  7.9984E-04
  2.3437E+01  7.4064E-04
  2.3462E+01  6.7902E-04
  2.3487E+01  6.1620E-04
  2.3512E+01  5.5333E-04
  2.3537E+01  4.9151E-04
  2.3562E+01  4.3173E-04
  2.3587E+01  3.7482E-04
  2.3612E+01  3.2149E-04
  2.3637E+01  2.7230E-04
  2.3662E+01  2.2761E-04
  2.3687E+01  1.8767E-04
  2.3712E+01  1.5256E-04
  2.3737E+01  1.2222E-04
  2.3762E+01  9.6474E-05
  2.3787E+01  7.5040E-05
  2.3812E+01  5.7551E-05
  2.3837E+01  4.3591E-05
  2.3862E+01  3.2715E-05
  2.3887E+01  2.4483E-05
  2.3912E+01  1.8487E-05
  2.3937E+01  1.4371E-05
  2.3962E+01  1.1856E-05
  2.3987E+01  1.0749E-05
  2.4012E+01  1.0954E-05
  2.4037E+01  1.2470E-05
  2.4062E+01  1.5392E-05
  2.4087E+01  1.9894E-05
  2.4112E+01  2.6219E-05
  2.4137E+01  3.4655E-05
  2.4162E+01  4.5513E-05
  2.4187E+01  5.9099E-05
  2.4212E+01  7.5692E-05
  2.4237E+01  9.5512E-05
  2.4262E+01  1.1870E-04
  2.4287E+01  1.4527E-04
  2.4312E+01  1.7515E-04
  2.4337E+01  2.0809E-04
  2.4362E+01  2.4370E-04
  2.4387E+01  2.8145E-04
  2.4412E+01  3.2068E-04
  2.4437E+01  3.6058E-04
  2.4462E+01  4.0029E-04
  2.4487E+01  4.3885E-04
  2.4512E+01  4.7532E-04
  2.4537E+01  5.0871E-04
  2.4562E+01  5.3812E-04
  2.4587E+01  5.6267E-04
  2.4612E+01  5.8163E-04
  2.4637E+01  5.9435E-04
  2.4662E+01  6.0037E-04
  2.4687E+01  5.9944E-04
  2.4712E+01  5.9148E-04
  2.4737E+01  5.7667E-04
  2.4762E+01  5.5543E-04
  2.4787E+01  5.2837E-04
  2.4812E+01  4.9632E-04
  2.4837E+01  4.6028E-04
  2.4862E+01  4.2135E-04
  2.4887E+01  3.8074E-04
  2.4912E+01  3.3968E-04
  2.4937E+01  2.9937E-04
  2.4962E+01  2.6099E-04
  2.4987E+01  2.2560E-04
  2.5013E+01  1.9415E-04
  2.5038E+01  1.6741E-04
  2.5063E+01  1.4595E-04
  2.5088E+01  1.3014E-04
  2.5113E+01  1.2008E-04
  2.5138E+01  1.1566E-04
  2.5163E+01  1.1652E-04
  2.5188E+01  1.2210E-04
  2.5213E+01  1.3166E-04
  2.5238E+01  1.4430E-04
  2.5263E+01  1.5903E-04
  2.5288E+01  1.7481E-04
  2.5313E+01  1.9055E-04
  2.5338E+01  2.0524E-04
  2.5363E+01  2.1793E-04
  2.5388E+01  2.2784E-04
  2.5413E+01  2.3432E-04
  2.5438E+01  2.3699E-04
  2.5463E+01  2.3565E-04
  2.5488E+01  2.3039E-04
  2.5513E+01  2.2150E-04
  2.5538E+01  2.0954E-04
  2.5563E+01  1.9524E-04
  2.5588E+01  1.7951E-04
  2.5613E+01  1.6339E-04
  2.5638E+01  1.4801E-04
  2.5663E+01  1.3452E-04
  2.5688E+01  1.2406E-04
  2.5713E+01  1.1769E-04
  2.5738E+01  1.1633E-04
  2.5763E+01  1.2074E-04
  2.5788E+01  1.3141E-04
  2.5813E+01  1.4862E-04
  2.5838E+01  1.7233E-04
  2.5863E+01  2.0224E-04
  2.5888E+01  2.3775E-04
  2.5913E+01  2.7800E-04
  2.5938E+01  3.2188E-04
  2.5963E+01  3.6807E-04
  2.5988E+01  4.1511E-04
  2.6013E+01  4.6140E-04
  2.6038E+01  5.0532E-04
  2.6063E+01  5.4529E-04
  2.6088E+01  5.7983E-04
  2.6113E+01  6.0764E-04
  2.6138E+01  6.2766E-04
  2.6163E+01  6.3911E-04
  2.6188E+01  6.4154E-04
  2.6213E+01  6.3483E-04
  2.6238E+01  6.1922E-04
  2.6263E+01  5.9526E-04
  2.6288E+01  5.6386E-04
  2.6313E+01  5.2623E-04
  2.6338E+01  4.8383E-04
  2.6363E+01  4.3835E-04
  2.6388E+01  3.9164E-04
  2.6413E+01  3.4563E-04
  2.6438E+01  3.0226E-04
  2.6463E+01  2.6338E-04
  2.6488E+01  2.3070E-04
  2.6513E+01  2.0568E-04
  2.6538E+01  1.8951E-04
  2.6563E+01  1.8303E-04
  2.6588E+01  1.8672E-04
  2.6613E+01  2.0066E-04
  2.6638E+01  2.2456E-04
  2.6663E+01  2.5771E-04
  2.6688E+01  2.9905E-04
  2.6713E+01  3.4720E-04
  2.6738E+01  4.0051E-04
  2.6763E+01  4.5714E-04
  2.6788E+01  5.1511E-04
  2.6813E+01  5.7243E-04
  2.6838E+01  6.2715E-04
  2.6863E+01  6.7743E-04
  2.6888E+01  7.2164E-04
  2.6913E+01  7.5838E-04
  2.6938E+01  7.8654E-04
  2.6963E+01  8.0536E-04
  2.6988E+01  8.1442E-04
  2.7014E+01  8.1369E-04
  2.7039E+01  8.0354E-04
  2.7064E+01  7.8469E-04
  2.7089E+01  7.5819E-04
  2.7114E+01  7.2537E-04
  2.7139E+01  6.8777E-04
  2.7164E+01  6.4707E-04
  2.7189E+01  6.0496E-04
  2.7214E+01  5.6312E-04
  2.7239E+01  5.2310E-04
  2.7264E+01  4.8628E-04
  2.7289E+01  4.5380E-04
  2.7314E+01  4.2650E-04
  2.7339E+01  4.0491E-04
  2.7364E+01  3.8924E-04
  2.7389E+01  3.7934E-04
  2.7414E+01  3.7473E-04
  2.7439E+01  3.7466E-04
  2.7464E+01  3.7812E-04
  2.7489E+01  3.8392E-04
  2.7514E+01  3.9076E-04
  2.7539E+01  3.9731E-04
  2.7564E+01  4.0228E-04
  2.7589E+01  4.0451E-04
  2.7614E+01  4.0307E-04
  2.7639E+01  3.9730E-04
  2.7664E+01  3.8690E-04
  2.7689E+01  3.7199E-04
  2.7714E+01  3.5312E-04
  2.7739E+01  3.3131E-04
  2.7764E+01  3.0801E-04
  2.7789E+01  2.8511E-04
  2.7814E+01  2.6487E-04
  2.7839E+01  2.4982E-04
  2.7864E+01  2.4272E-04
  2.7889E+01  2.4645E-04
  2.7914E+01  2.6389E-04
  2.7939E+01  2.9781E-04
  2.7964E+01  3.5078E-04
  2.7989E+01  4.2501E-04
  2.8014E+01  5.2228E-04
  2.8039E+01  6.4380E-04
  2.8064E+01  7.9017E-04
  2.8089E+01  9.6128E-04
  2.8114E+01  1.1563E-03
  2.8139E+01  1.3738E-03
  2.8164E+01  1.6114E-03
  2.8189E+01  1.8664E-03
  2.8214E+01  2.1350E-03
  2.8239E+01  2.4134E-03
  2.8264E+01  2.6969E-03
  2.8289E+01  2.9806E-03
  2.8314E+01  3.2593E-03
  2.8339E+01  3.5276E-03
  2.8364E+01  3.7803E-03
  2.8389E+01  4.0124E-03
  2.8414E+01  4.2192E-03
  2.8439E+01  4.3967E-03
  2.8464E+01  4.5415E-03
  2.8489E+01  4.6509E-03
  2.8514E+01  4.7230E-03
  2.8539E+01  4.7566E-03
  2.8564E+01  4.7515E-03
  2.8589E+01  4.7079E-03
  2.8614E+01  4.6270E-03
  2.8639E+01  4.5107E-03
  2.8664E+01  4.3614E-03
  2.8689E+01  4.1825E-03
  2.8714E+01  3.9777E-03
  2.8739E+01  3.7510E-03
  2.8764E+01  3.5072E-03
  2.8789E+01  3.2509E-03
  2.8814E+01  2.9867E-03
  2.8839E+01  2.7194E-03
  2.8864E+01  2.4532E-03
  2.8889E+01  2.1921E-03
  2.8914E+01  1.9396E-03
  2.8939E+01  1.6987E-03
  2.8964E+01  1.4720E-03
  2.8989E+01  1.2615E-03
  2.9015E+01  1.0687E-03
  2.9040E+01  8.9459E-04
  2.9065E+01  7.3953E-04
  2.9090E+01  6.0352E-04
  2.9115E+01  4.8607E-04
  2.9140E+01  3.8629E-04
  2.9165E+01  3.0298E-04
  2.9190E+01  2.3471E-04
  2.9215E+01  1.7984E-04
  2.9240E+01  1.3667E-04
  2.9265E+01  1.0349E-04
  2.9290E+01  7.8599E-05
  2.9315E+01  6.0425E-05
  2.9340E+01  4.7523E-05
  2.9365E+01  3.8625E-05
  2.9390E+01  3.2663E-05
  2.9415E+01  2.8778E-05
  2.9440E+01  2.6321E-05
  2.9465E+01  2.4852E-05
  2.9490E+01  2.4118E-05
  2.9515E+01  2.4032E-05
  2.9540E+01  2.4646E-05
  2.9565E+01  2.6115E-05
  2.9590E+01  2.8667E-05
  2.9615E+01  3.2567E-05
  2.9640E+01  3.8086E-05
  2.9665E+01  4.5466E-05
  2.9690E+01  5.4901E-05
  2.9715E+01  6.6511E-05
  2.9740E+01  8.0328E-05
  2.9765E+01  9.6289E-05
  2.9790E+01  1.1423E-04
  2.9815E+01  1.3390E-04
  2.9840E+01  1.5496E-04
  2.9865E+01  1.7698E-04
  2.9890E+01  1.9949E-04
  2.9915E+01  2.2197E-04
  2.9940E+01  2.4387E-04
  2.9965E+01  2.6465E-04
  2.9990E+01  2.8377E-04
  3.0015E+01  3.0074E-04
  3.0040E+01  3.1514E-04
  3.0065E+01  3.2660E-04
  3.0090E+01  3.3486E-04
  3.0115E+01  3.3974E-04
  3.0140E+01  3.4118E-04
  3.0165E+01  3.3920E-04
  3.0190E+01  3.3391E-04
  3.0215E+01  3.2550E-04
  3.0240E+01  3.1423E-04
  3.0265E+01  3.0043E-04
  3.0290E+01  2.8445E-04
  3.0315E+01  2.6670E-04
  3.0340E+01  2.4760E-04
  3.0365E+01  2.2759E-04
  3.0390E+01  2.0710E-04
  3.0415E+01  1.8653E-04
  3.0440E+01  1.6626E-04
  3.0465E+01  1.4664E-04
  3.0490E+01  1.2795E-04
  3.0515E+01  1.1042E-04
  3.0540E+01  9.4243E-05
  3.0565E+01  7.9530E-05
  3.0590E+01  6.6357E-05
  3.0615E+01  5.4745E-05
  3.0640E+01  4.4677E-05
  3.0665E+01  3.6096E-05
  3.0690E+01  2.8915E-05
  3.0715E+01  2.3023E-05
  3.0740E+01  1.8293E-05
  3.0765E+01  1.4586E-05
  3.0790E+01  1.1758E-05
  3.0815E+01  9.6651E-06
  3.0840E+01  8.1713E-06
  3.0865E+01  7.1484E-06
  3.0890E+01  6.4813E-06
  3.0915E+01  6.0695E-06
  3.0940E+01  5.8275E-06
  3.0965E+01  5.6859E-06
  3.0990E+01  5.5901E-06
  3.1016E+01  5.5000E-06
  3.1041E+01  5.3880E-06
  3.1066E+01  5.2377E-06
  3.1091E+01  5.0416E-06
  3.1116E+01  4.7996E-06
  3.1141E+01  4.5167E-06
  3.1166E+01  4.2012E-06
  3.1191E+01  3.8635E-06
  3.1216E+01  3.5144E-06
  3.1241E+01  3.1642E-06
  3.1266E+01  2.8224E-06
  3.1291E+01  2.4965E-06
  3.1316E+01  2.1923E-06
  3.1341E+01  1.9137E-06
  3.1366E+01  1.6629E-06
  3.1391E+01  1.4404E-06
  3.1416E+01  1.2453E-06
  3.1441E+01  1.0759E-06
  3.1466E+01  9.2968E-07
  3.1491E+01  8.0390E-07
  3.1516E+01  6.9566E-07
  3.1541E+01  6.0225E-07
  3.1566E+01  5.2128E-07
  3.1591E+01  4.5081E-07
  3.1616E+01  3.8934E-07
  3.1641E+01  3.3588E-07
  3.1666E+01  2.8987E-07
  3.1691E+01  2.5112E-07
  3.1716E+01  2.1973E-07
  3.1741E+01  1.9598E-07
  3.1766E+01  1.8028E-07
  3.1791E+01  1.7304E-07
  3.1816E+01  1.7463E-07
  3.1841E+01  1.8534E-07
  3.1866E+01  2.0528E-07
  3.1891E+01  2.3443E-07
  3.1916E+01  2.7256E-07
  3.1941E+01  3.1927E-07
  3.1966E+01  3.7394E-07
  3.1991E+01  4.3578E-07
  3.2016E+01  5.0383E-07
  3.2041E+01  5.7695E-07
  3.2066E+01  6.5389E-07
  3.2091E+01  7.3327E-07
  3.2116E+01  8.1367E-07
  3.2141E+01  8.9361E-07
  3.2166E+01  9.7162E-07
  3.2191E+01  1.0463E-06
  3.2216E+01  1.1163E-06
  3.2241E+01  1.1805E-06
  3.2266E+01  1.2379E-06
  3.2291E+01  1.2878E-06
  3.2316E+01  1.3297E-06
  3.2341E+01  1.3637E-06
  3.2366E+01  1.3900E-06
  3.2391E+01  1.4095E-06
  3.2416E+01  1.4231E-06
  3.2441E+01  1.4323E-06
  3.2466E+01  1.4386E-06
  3.2491E+01  1.4438E-06
  3.2516E+01  1.4497E-06
  3.2541E+01  1.4579E-06
  3.2566E+01  1.4697E-06
  3.2591E+01  1.4863E-06
  3.2616E+01  1.5082E-06
  3.2641E+01  1.5354E-06
  3.2666E+01  1.5676E-06
  3.2691E+01  1.6035E-06
  3.2716E+01  1.6416E-06
  3.2741E+01  1.6797E-06
  3.2766E+01  1.7153E-06
  3.2791E+01  1.7456E-06
  3.2816E+01  1.7680E-06
  3.2841E+01  1.7796E-06
  3.2866E+01  1.7781E-06
  3.2891E+01  1.7615E-06
  3.2916E+01  1.7284E-06
  3.2941E+01  1.6782E-06
  3.2966E+01  1.6110E-06
  3.2991E+01  1.5280E-06
  3.3017E+01  1.4310E-06
  3.3042E+01  1.3225E-06
  3.3067E+01  1.2058E-06
  3.3092E+01  1.0844E-06
  3.3117E+01  9.6201E-07
  3.3142E+01  8.4232E-07
  3.3167E+01  7.2861E-07
  3.3192E+01  6.2372E-07
  3.3217E+01  5.2982E-07
  3.3242E+01  4.4835E-07
  3.3267E+01  3.8003E-07
  3.3292E+01  3.2494E-07
  3.3317E+01  2.8271E-07
  3.3342E+01  2.5277E-07
  3.3367E+01  2.3471E-07
  3.3392E+01  2.2867E-07
  3.3417E+01  2.3581E-07
  3.3442E+01  2.5876E-07
  3.3467E+01  3.0203E-07
  3.3492E+01  3.7234E-07
  3.3517E+01  4.7895E-07
  3.3542E+01  6.3373E-07
  3.3567E+01  8.5111E-07
  3.3592E+01  1.1479E-06
  3.3617E+01  1.5427E-06
  3.3642E+01  2.0554E-06
  3.3667E+01  2.7066E-06
  3.3692E+01  3.5158E-06
  3.3717E+01  4.5014E-06
  3.3742E+01  5.6786E-06
  3.3767E+01  7.0590E-06
  3.3792E+01  8.6489E-06
  3.3817E+01  1.0449E-05
  3.3842E+01  1.2452E-05
  3.3867E+01  1.4645E-05
  3.3892E+01  1.7006E-05
  3.3917E+01  1.9505E-05
  3.3942E+01  2.2105E-05
  3.3967E+01  2.4761E-05
  3.3992E+01  2.7423E-05
  3.4017E+01  3.0039E-05
  3.4042E+01  3.2551E-05
  3.4067E+01  3.4904E-05
  3.4092E+01  3.7046E-05
  3.4117E+01  3.8926E-05
  3.4142E+01  4.0501E-05
  3.4167E+01  4.1737E-05
  3.4192E+01  4.2608E-05
  3.4217E+01  4.3099E-05
  3.4242E+01  4.3204E-05
  3.4267E+01  4.2930E-05
  3.4292E+01  4.2296E-05
  3.4317E+01  4.1329E-05
  3.4342E+01  4.0069E-05
  3.4367E+01  3.8562E-05
  3.4392E+01  3.6858E-05
  3.4417E+01  3.5013E-05
  3.4442E+01  3.3081E-05
  3.4467E+01  3.1117E-05
  3.4492E+01  2.9168E-05
  3.4517E+01  2.7274E-05
  3.4542E+01  2.5470E-05
  3.4567E+01  2.3777E-05
  3.4592E+01  2.2208E-05
  3.4617E+01  2.0768E-05
  3.4642E+01  1.9450E-05
  3.4667E+01  1.8243E-05
  3.4692E+01  1.7129E-05
  3.4717E+01  1.6087E-05
  3.4742E+01  1.5101E-05
  3.4767E+01  1.4154E-05
  3.4792E+01  1.3238E-05
  3.4817E+01  1.2357E-05
  3.4842E+01  1.1523E-05
  3.4867E+01  1.0768E-05
  3.4892E+01  1.0134E-05
  3.4917E+01  9.6844E-06
  3.4942E+01  9.4944E-06
  3.4967E+01  9.6543E-06
  3.4992E+01  1.0265E-05
  3.5018E+01  1.1432E-05
  3.5043E+01  1.3266E-05
  3.5068E+01  1.5872E-05
  3.5093E+01  1.9345E-05
  3.5118E+01  2.3764E-05
  3.5143E+01  2.9188E-05
  3.5168E+01  3.5648E-05
  3.5193E+01  4.3143E-05
  3.5218E+01  5.1636E-05
  3.5243E+01  6.1049E-05
  3.5268E+01  7.1266E-05
  3.5293E+01  8.2131E-05
  3.5318E+01  9.3448E-05
  3.5343E+01  1.0499E-04
  3.5368E+01  1.1651E-04
  3.5393E+01  1.2773E-04
  3.5418E+01  1.3837E-04
  3.5443E+01  1.4815E-04
  3.5468E+01  1.5681E-04
  3.5493E+01  1.6409E-04
  3.5518E+01  1.6978E-04
  3.5543E+01  1.7370E-04
  3.5568E+01  1.7570E-04
  3.5593E+01  1.7572E-04
  3.5618E+01  1.7373E-04
  3.5643E+01  1.6977E-04
  3.5668E+01  1.6395E-04
  3.5693E+01  1.5642E-04
  3.5718E+01  1.4742E-04
  3.5743E+01  1.3722E-04
  3.5768E+01  1.2611E-04
  3.5793E+01  1.1445E-04
  3.5818E+01  1.0258E-04
  3.5843E+01  9.0846E-05
  3.5868E+01  7.9592E-05
  3.5893E+01  6.9128E-05
  3.5918E+01  5.9731E-05
  3.5943E+01  5.1629E-05
  3.5968E+01  4.4995E-05
  3.5993E+01  3.9939E-05
  3.6018E+01  3.6505E-05
  3.6043E+01  3.4671E-05
  3.6068E+01  3.4346E-05
  3.6093E+01  3.5381E-05
  3.6118E+01  3.7574E-05
  3.6143E+01  4.0679E-05
  3.6168E+01  4.4422E-05
  3.6193E+01  4.8507E-05
  3.6218E+01  5.2639E-05
  3.6243E+01  5.6532E-05
  3.6268E+01  5.9923E-05
  3.6293E+01  6.2588E-05
  3.6318E+01  6.4351E-05
  3.6343E+01  6.5093E-05
  3.6368E+01  6.4759E-05
  3.6393E+01  6.3362E-05
  3.6418E+01  6.0980E-05
  3.6443E+01  5.7755E-05
  3.6468E+01  5.3884E-05
  3.6493E+01  4.9612E-05
  3.6518E+01  4.5218E-05
  3.6543E+01  4.1000E-05
  3.6568E+01  3.7267E-05
  3.6593E+01  3.4317E-05
  3.6618E+01  3.2424E-05
  3.6643E+01  3.1826E-05
  3.6668E+01  3.2709E-05
  3.6693E+01  3.5198E-05
  3.6718E+01  3.9345E-05
  3.6743E+01  4.5132E-05
  3.6768E+01  5.2460E-05
  3.6793E+01  6.1161E-05
  3.6818E+01  7.0994E-05
  3.6843E+01  8.1663E-05
  3.6868E+01  9.2820E-05
  3.6893E+01  1.0408E-04
  3.6918E+01  1.1505E-04
  3.6943E+01  1.2533E-04
  3.6968E+01  1.3452E-04
  3.6993E+01  1.4227E-04
  3.7019E+01  1.4828E-04
  3.7044E+01  1.5231E-04
  3.7069E+01  1.5419E-04
  3.7094E+01  1.5384E-04
  3.7119E+01  1.5127E-04
  3.7144E+01  1.4658E-04
  3.7169E+01  1.3995E-04
  3.7194E+01  1.3163E-04
  3.7219E+01  1.2195E-04
  3.7244E+01  1.1130E-04
  3.7269E+01  1.0011E-04
  3.7294E+01  8.8811E-05
  3.7319E+01  7.7872E-05
  3.7344E+01  6.7736E-05
  3.7369E+01  5.8817E-05
  3.7394E+01  5.1478E-05
  3.7419E+01  4.6024E-05
  3.7444E+01  4.2680E-05
  3.7469E+01  4.1587E-05
  3.7494E+01  4.2800E-05
  3.7519E+01  4.6277E-05
  3.7544E+01  5.1891E-05
  3.7569E+01  5.9430E-05
  3.7594E+01  6.8608E-05
  3.7619E+01  7.9076E-05
  3.7644E+01  9.0439E-05
  3.7669E+01  1.0227E-04
  3.7694E+01  1.1413E-04
  3.7719E+01  1.2558E-04
  3.7744E+01  1.3623E-04
  3.7769E+01  1.4569E-04
  3.7794E+01  1.5365E-04
  3.7819E+01  1.5987E-04
  3.7844E+01  1.6416E-04
  3.7869E+01  1.6644E-04
  3.7894E+01  1.6667E-04
  3.7919E+01  1.6493E-04
  3.7944E+01  1.6134E-04
  3.7969E+01  1.5611E-04
  3.7994E+01  1.4949E-04
  3.8019E+01  1.4178E-04
  3.8044E+01  1.3332E-04
  3.8069E+01  1.2443E-04
  3.8094E+01  1.1545E-04
  3.8119E+01  1.0671E-04
  3.8144E+01  9.8481E-05
  3.8169E+01  9.0999E-05
  3.8194E+01  8.4448E-05
  3.8219E+01  7.8948E-05
  3.8244E+01  7.4557E-05
  3.8269E+01  7.1267E-05
  3.8294E+01  6.9010E-05
  3.8319E+01  6.7664E-05
  3.8344E+01  6.7060E-05
  3.8369E+01  6.6997E-05
  3.8394E+01  6.7250E-05
  3.8419E+01  6.7589E-05
  3.8444E+01  6.7790E-05
  3.8469E+01  6.7652E-05
  3.8494E+01  6.7007E-05
  3.8519E+01  6.5735E-05
  3.8544E+01  6.3772E-05
  3.8569E+01  6.1117E-05
  3.8594E+01  5.7839E-05
  3.8619E+01  5.4074E-05
  3.8644E+01  5.0026E-05
  3.8669E+01  4.5962E-05
  3.8694E+01  4.2201E-05
  3.8719E+01  3.9105E-05
  3.8744E+01  3.7063E-05
  3.8769E+01  3.6478E-05
  3.8794E+01  3.7746E-05
  3.8819E+01  4.1247E-05
  3.8844E+01  4.7321E-05
  3.8869E+01  5.6257E-05
  3.8894E+01  6.8275E-05
  3.8919E+01  8.3518E-05
  3.8944E+01  1.0204E-04
  3.8969E+01  1.2380E-04
  3.8994E+01  1.4864E-04
  3.9020E+01  1.7635E-04
  3.9045E+01  2.0657E-04
  3.9070E+01  2.3889E-04
  3.9095E+01  2.7281E-04
  3.9120E+01  3.0777E-04
  3.9145E+01  3.4317E-04
  3.9170E+01  3.7837E-04
  3.9195E+01  4.1271E-04
  3.9220E+01  4.4553E-04
  3.9245E+01  4.7619E-04
  3.9270E+01  5.0411E-04
  3.9295E+01  5.2872E-04
  3.9320E+01  5.4955E-04
  3.9345E+01  5.6622E-04
  3.9370E+01  5.7842E-04
  3.9395E+01  5.8596E-04
  3.9420E+01  5.8874E-04
  3.9445E+01  5.8678E-04
  3.9470E+01  5.8019E-04
  3.9495E+01  5.6916E-04
  3.9520E+01  5.5397E-04
  3.9545E+01  5.3498E-04
  3.9570E+01  5.1261E-04
  3.9595E+01  4.8732E-04
  3.9620E+01  4.5961E-04
  3.9645E+01  4.3001E-04
  3.9670E+01  3.9907E-04
  3.9695E+01  3.6731E-04
  3.9720E+01  3.3525E-04
  3.9745E+01  3.0339E-04
  3.9770E+01  2.7217E-04
  3.9795E+01  2.4199E-04
  3.9820E+01  2.1318E-04
  3.9845E+01  1.8602E-04
  3.9870E+01  1.6074E-04
  3.9895E+01  1.3749E-04
  3.9920E+01  1.1637E-04
  3.9945E+01  9.7418E-05
  3.9970E+01  8.0629E-05
  3.9995E+01  6.5949E-05
  4.0020E+01  5.3287E-05
  4.0045E+01  4.2519E-05
  4.0070E+01  3.3497E-05
  4.0095E+01  2.6055E-05
  4.0120E+01  2.0015E-05
  4.0145E+01  1.5200E-05
  4.0170E+01  1.1430E-05
  4.0195E+01  8.5365E-06
  4.0220E+01  6.3615E-06
  4.0245E+01  4.7623E-06
  4.0270E+01  3.6136E-06
  4.0295E+01  2.8084E-06
  4.0320E+01  2.2586E-06
  4.0345E+01  1.8944E-06
  4.0370E+01  1.6630E-06
  4.0395E+01  1.5273E-06
  4.0420E+01  1.4631E-06
  4.0445E+01  1.4574E-06
  4.0470E+01  1.5053E-06
  4.0495E+01  1.6079E-06
  4.0520E+01  1.7695E-06
  4.0545E+01  1.9957E-06
  4.0570E+01  2.2914E-06
  4.0595E+01  2.6593E-06
  4.0620E+01  3.0987E-06
  4.0645E+01  3.6052E-06
  4.0670E+01  4.1699E-06
  4.0695E+01  4.7797E-06
  4.0720E+01  5.4182E-06
  4.0745E+01  6.0658E-06
  4.0770E+01  6.7010E-06
  4.0795E+01  7.3013E-06
  4.0820E+01  7.8446E-06
  4.0845E+01  8.3101E-06
  4.0870E+01  8.6793E-06
  4.0895E+01  8.9372E-06
  4.0920E+01  9.0730E-06
  4.0945E+01  9.0803E-06
  4.0970E+01  8.9583E-06
  4.0995E+01  8.7109E-06
  4.1021E+01  8.3473E-06
  4.1046E+01  7.8813E-06
  4.1071E+01  7.3305E-06
  4.1096E+01  6.7158E-06
  4.1121E+01  6.0603E-06
  4.1146E+01  5.3879E-06
  4.1171E+01  4.7232E-06
  4.1196E+01  4.0895E-06
  4.1221E+01  3.5084E-06
  4.1246E+01  2.9989E-06
  4.1271E+01  2.5763E-06
  4.1296E+01  2.2521E-06
  4.1321E+01  2.0335E-06
  4.1346E+01  1.9230E-06
  4.1371E+01  1.9186E-06
  4.1396E+01  2.0139E-06
  4.1421E+01  2.1985E-06
  4.1446E+01  2.4588E-06
  4.1471E+01  2.7784E-06
  4.1496E+01  3.1389E-06
  4.1521E+01  3.5210E-06
  4.1546E+01  3.9050E-06
  4.1571E+01  4.2718E-06
  4.1596E+01  4.6038E-06
  4.1621E+01  4.8854E-06
  4.1646E+01  5.1036E-06
  4.1671E+01  5.2489E-06
  4.1696E+01  5.3149E-06
  4.1721E+01  5.2992E-06
  4.1746E+01  5.2030E-06
  4.1771E+01  5.0308E-06
  4.1796E+01  4.7903E-06
  4.1821E+01  4.4920E-06
  4.1846E+01  4.1485E-06
  4.1871E+01  3.7740E-06
  4.1896E+01  3.3836E-06
  4.1921E+01  2.9926E-06
  4.1946E+01  2.6160E-06
  4.1971E+01  2.2676E-06
  4.1996E+01  1.9599E-06
  4.2021E+01  1.7029E-06
  4.2046E+01  1.5045E-06
  4.2071E+01  1.3696E-06
  4.2096E+01  1.3004E-06
  4.2121E+01  1.2961E-06
  4.2146E+01  1.3534E-06
  4.2171E+01  1.4661E-06
  4.2196E+01  1.6262E-06
  4.2221E+01  1.8238E-06
  4.2246E+01  2.0477E-06
  4.2271E+01  2.2860E-06
  4.2296E+01  2.5265E-06
  4.2321E+01  2.7572E-06
  4.2346E+01  2.9672E-06
  4.2371E+01  3.1467E-06
  4.2396E+01  3.2876E-06
  4.2421E+01  3.3835E-06
  4.2446E+01  3.4305E-06
  4.2471E+01  3.4266E-06
  4.2496E+01  3.3720E-06
  4.2521E+01  3.2692E-06
  4.2546E+01  3.1225E-06
  4.2571E+01  2.9377E-06
  4.2596E+01  2.7221E-06
  4.2621E+01  2.4839E-06
  4.2646E+01  2.2319E-06
  4.2671E+01  1.9748E-06
  4.2696E+01  1.7214E-06
  4.2721E+01  1.4796E-06
  4.2746E+01  1.2565E-06
  4.2771E+01  1.0579E-06
  4.2796E+01  8.8822E-07
  4.2821E+01  7.5020E-07
  4.2846E+01  6.4518E-07
  4.2871E+01  5.7291E-07
  4.2896E+01  5.3172E-07
  4.2921E+01  5.1870E-07
  4.2946E+01  5.2993E-07
  4.2971E+01  5.6071E-07
  4.2996E+01  6.0589E-07
  4.3022E+01  6.6014E-07
  4.3047E+01  7.1826E-07
  4.3072E+01  7.7542E-07
  4.3097E+01  8.2741E-07
  4.3122E+01  8.7081E-07
  4.3147E+01  9.0311E-07
  4.3172E+01  9.2280E-07
  4.3197E+01  9.2934E-07
  4.3222E+01  9.2313E-07
  4.3247E+01  9.0543E-07
  4.3272E+01  8.7816E-07
  4.3297E+01  8.4375E-07
  4.3322E+01  8.0497E-07
  4.3347E+01  7.6464E-07
  4.3372E+01  7.2548E-07
  4.3397E+01  6.8993E-07
  4.3422E+01  6.5992E-07
  4.3447E+01  6.3683E-07
  4.3472E+01  6.2134E-07
  4.3497E+01  6.1348E-07
  4.3522E+01  6.1260E-07
  4.3547E+01  6.1745E-07
  4.3572E+01  6.2633E-07
  4.3597E+01  6.3718E-07
  4.3622E+01  6.4781E-07
  4.3647E+01  6.5602E-07
  4.3672E+01  6.5981E-07
  4.3697E+01  6.5754E-07
  4.3722E+01  6.4804E-07
  4.3747E+01  6.3070E-07
  4.3772E+01  6.0553E-07
  4.3797E+01  5.7317E-07
  4.3822E+01  5.3477E-07
  4.3847E+01  4.9198E-07
  4.3872E+01  4.4677E-07
  4.3897E+01  4.0127E-07
  4.3922E+01  3.5760E-07
  4.3947E+01  3.1774E-07
  4.3972E+01  2.8332E-07
  4.3997E+01  2.5555E-07
  4.4022E+01  2.3517E-07
  4.4047E+01  2.2242E-07
  4.4072E+01  2.1717E-07
  4.4097E+01  2.1906E-07
  4.4122E+01  2.2775E-07
  4.4147E+01  2.4329E-07
  4.4172E+01  2.6646E-07
  4.4197E+01  2.9920E-07
  4.4222E+01  3.4511E-07
  4.4247E+01  4.0985E-07
  4.4272E+01  5.0154E-07
  4.4297E+01  6.3110E-07
  4.4322E+01  8.1248E-07
  4.4347E+01  1.0627E-06
  4.4372E+01  1.4018E-06
  4.4397E+01  1.8525E-06
  4.4422E+01  2.4399E-06
  4.4447E+01  3.1905E-06
  4.4472E+01  4.1318E-06
  4.4497E+01  5.2907E-06
  4.4522E+01  6.6928E-06
  4.4547E+01  8.3607E-06
  4.4572E+01  1.0313E-05
  4.4597E+01  1.2562E-05
  4.4622E+01  1.5115E-05
  4.4647E+01  1.7968E-05
  4.4672E+01  2.1112E-05
  4.4697E+01  2.4526E-05
  4.4722E+01  2.8178E-05
  4.4747E+01  3.2030E-05
  4.4772E+01  3.6031E-05
  4.4797E+01  4.0123E-05
  4.4822E+01  4.4238E-05
  4.4847E+01  4.8305E-05
  4.4872E+01  5.2247E-05
  4.4897E+01  5.5984E-05
  4.4922E+01  5.9438E-05
  4.4947E+01  6.2533E-05
  4.4972E+01  6.5199E-05
  4.4997E+01  6.7373E-05
  4.5023E+01  6.9003E-05
  4.5048E+01  7.0051E-05
  4.5073E+01  7.0490E-05
  4.5098E+01  7.0312E-05
  4.5123E+01  6.9520E-05
  4.5148E+01  6.8136E-05
  4.5173E+01  6.6195E-05
  4.5198E+01  6.3746E-05
  4.5223E+01  6.0849E-05
  4.5248E+01  5.7577E-05
  4.5273E+01  5.4006E-05
  4.5298E+01  5.0220E-05
  4.5323E+01  4.6304E-05
  4.5348E+01  4.2340E-05
  4.5373E+01  3.8408E-05
  4.5398E+01  3.4579E-05
  4.5423E+01  3.0915E-05
  4.5448E+01  2.7467E-05
  4.5473E+01  2.4273E-05
  4.5498E+01  2.1357E-05
  4.5523E+01  1.8734E-05
  4.5548E+01  1.6403E-05
  4.5573E+01  1.4356E-05
  4.5598E+01  1.2576E-05
  4.5623E+01  1.1040E-05
  4.5648E+01  9.7236E-06
  4.5673E+01  8.6034E-06
  4.5698E+01  7.6594E-06
  4.5723E+01  6.8786E-06
  4.5748E+01  6.2577E-06
  4.5773E+01  5.8045E-06
  4.5798E+01  5.5401E-06
  4.5823E+01  5.4985E-06
  4.5848E+01  5.7272E-06
  4.5873E+01  6.2851E-06
  4.5898E+01  7.2406E-06
  4.5923E+01  8.6686E-06
  4.5948E+01  1.0646E-05
  4.5973E+01  1.3250E-05
  4.5998E+01  1.6546E-05
  4.6023E+01  2.0594E-05
  4.6048E+01  2.5432E-05
  4.6073E+01  3.1078E-05
  4.6098E+01  3.7527E-05
  4.6123E+01  4.4742E-05
  4.6148E+01  5.2658E-05
  4.6173E+01  6.1177E-05
  4.6198E+01  7.0168E-05
  4.6223E+01  7.9475E-05
  4.6248E+01  8.8912E-05
  4.6273E+01  9.8274E-05
  4.6298E+01  1.0734E-04
  4.6323E+01  1.1588E-04
  4.6348E+01  1.2367E-04
  4.6373E+01  1.3049E-04
  4.6398E+01  1.3614E-04
  4.6423E+01  1.4045E-04
  4.6448E+01  1.4326E-04
  4.6473E+01  1.4450E-04
  4.6498E+01  1.4409E-04
  4.6523E+01  1.4203E-04
  4.6548E+01  1.3836E-04
  4.6573E+01  1.3319E-04
  4.6598E+01  1.2666E-04
  4.6623E+01  1.1896E-04
  4.6648E+01  1.1032E-04
  4.6673E+01  1.0101E-04
  4.6698E+01  9.1302E-05
  4.6723E+01  8.1506E-05
  4.6748E+01  7.1914E-05
  4.6773E+01  6.2810E-05
  4.6798E+01  5.4458E-05
  4.6823E+01  4.7086E-05
  4.6848E+01  4.0881E-05
  4.6873E+01  3.5981E-05
  4.6898E+01  3.2467E-05
  4.6923E+01  3.0363E-05
  4.6948E+01  2.9635E-05
  4.6973E+01  3.0191E-05
  4.6998E+01  3.1886E-05
  4.7024E+01  3.4530E-05
  4.7049E+01  3.7895E-05
  4.7074E+01  4.1730E-05
  4.7099E+01  4.5767E-05
  4.7124E+01  4.9741E-05
  4.7149E+01  5.3394E-05
  4.7174E+01  5.6497E-05
  4.7199E+01  5.8856E-05
  4.7224E+01  6.0323E-05
  4.7249E+01  6.0804E-05
  4.7274E+01  6.0266E-05
  4.7299E+01  5.8739E-05
  4.7324E+01  5.6314E-05
  4.7349E+01  5.3143E-05
  4.7374E+01  4.9433E-05
  4.7399E+01  4.5431E-05
  4.7424E+01  4.1421E-05
  4.7449E+01  3.7705E-05
  4.7474E+01  3.4589E-05
  4.7499E+01  3.2371E-05
  4.7524E+01  3.1323E-05
  4.7549E+01  3.1677E-05
  4.7574E+01  3.3613E-05
  4.7599E+01  3.7249E-05
  4.7624E+01  4.2627E-05
  4.7649E+01  4.9717E-05
  4.7674E+01  5.8407E-05
  4.7699E+01  6.8507E-05
  4.7724E+01  7.9757E-05
  4.7749E+01  9.1835E-05
  4.7774E+01  1.0436E-04
  4.7799E+01  1.1694E-04
  4.7824E+01  1.2912E-04
  4.7849E+01  1.4048E-04
  4.7874E+01  1.5059E-04
  4.7899E+01  1.5909E-04
  4.7924E+01  1.6563E-04
  4.7949E+01  1.6996E-04
  4.7974E+01  1.7189E-04
  4.7999E+01  1.7134E-04
  4.8024E+01  1.6832E-04
  4.8049E+01  1.6293E-04
  4.8074E+01  1.5539E-04
  4.8099E+01  1.4599E-04
  4.8124E+01  1.3511E-04
  4.8149E+01  1.2319E-04
  4.8174E+01  1.1073E-04
  4.8199E+01  9.8263E-05
  4.8224E+01  8.6312E-05
  4.8249E+01  7.5403E-05
  4.8274E+01  6.6026E-05
  4.8299E+01  5.8617E-05
  4.8324E+01  5.3538E-05
  4.8349E+01  5.1064E-05
  4.8374E+01  5.1369E-05
  4.8399E+01  5.4520E-05
  4.8424E+01  6.0471E-05
  4.8449E+01  6.9067E-05
  4.8474E+01  8.0047E-05
  4.8499E+01  9.3057E-05
  4.8524E+01  1.0766E-04
  4.8549E+01  1.2337E-04
  4.8574E+01  1.3963E-04
  4.8599E+01  1.5589E-04
  4.8624E+01  1.7158E-04
  4.8649E+01  1.8618E-04
  4.8674E+01  1.9920E-04
  4.8699E+01  2.1021E-04
  4.8724E+01  2.1888E-04
  4.8749E+01  2.2498E-04
  4.8774E+01  2.2835E-04
  4.8799E+01  2.2897E-04
  4.8824E+01  2.2692E-04
  4.8849E+01  2.2238E-04
  4.8874E+01  2.1562E-04
  4.8899E+01  2.0698E-04
  4.8924E+01  1.9688E-04
  4.8949E+01  1.8577E-04
  4.8974E+01  1.7411E-04
  4.8999E+01  1.6238E-04
  4.9025E+01  1.5103E-04
  4.9050E+01  1.4045E-04
  4.9075E+01  1.3098E-04
  4.9100E+01  1.2288E-04
  4.9125E+01  1.1633E-04
  4.9150E+01  1.1140E-04
  4.9175E+01  1.0808E-04
  4.9200E+01  1.0625E-04
  4.9225E+01  1.0572E-04
  4.9250E+01  1.0623E-04
  4.9275E+01  1.0744E-04
  4.9300E+01  1.0901E-04
  4.9325E+01  1.1056E-04
  4.9350E+01  1.1174E-04
  4.9375E+01  1.1222E-04
  4.9400E+01  1.1173E-04
  4.9425E+01  1.1009E-04
  4.9450E+01  1.0720E-04
  4.9475E+01  1.0309E-04
  4.9500E+01  9.7892E-05
  4.9525E+01  9.1873E-05
  4.9550E+01  8.5417E-05
  4.9575E+01  7.9029E-05
  4.9600E+01  7.3313E-05
  4.9625E+01  6.8960E-05
  4.9650E+01  6.6723E-05
  4.9675E+01  6.7390E-05
  4.9700E+01  7.1754E-05
  4.9725E+01  8.0585E-05
  4.9750E+01  9.4591E-05
  4.9775E+01  1.1439E-04
  4.9800E+01  1.4050E-04
  4.9825E+01  1.7325E-04
  4.9850E+01  2.1286E-04
  4.9875E+01  2.5931E-04
  4.9900E+01  3.1241E-04
  4.9925E+01  3.7178E-04
  4.9950E+01  4.3681E-04
  4.9975E+01  5.0672E-04
  5.0000E+01  5.8055E-04
