  -20.00000      6.7848258E-04
  -19.98000      8.1885344E-04
  -19.96000      9.7368093E-04
  -19.94000      1.1401689E-03
  -19.92000      1.3173720E-03
  -19.90000      1.5030857E-03
  -19.88000      1.6938652E-03
  -19.86000      1.8884393E-03
  -19.84000      2.0821146E-03
  -19.82000      2.2731237E-03
  -19.80000      2.4574182E-03
  -19.78000      2.6314331E-03
  -19.76000      2.7929528E-03
  -19.74000      2.9373919E-03
  -19.72000      3.0629823E-03
  -19.70000      3.1664800E-03
  -19.68000      3.2456352E-03
  -19.66000      3.2989052E-03
  -19.64000      3.3243815E-03
  -19.62000      3.3214400E-03
  -19.60000      3.2898400E-03
  -19.58000      3.2295613E-03
  -19.56000      3.1416016E-03
  -19.54000      3.0277460E-03
  -19.52000      2.8890921E-03
  -19.50000      2.7293526E-03
  -19.48000      2.5502804E-03
  -19.46000      2.3559444E-03
  -19.44000      2.1503493E-03
  -19.42000      1.9360853E-03
  -19.40000      1.7191444E-03
  -19.38000      1.5017018E-03
  -19.36000      1.2889853E-03
  -19.34000      1.0844148E-03
  -19.32000      8.9086581E-04
  -19.30000      7.1293191E-04
  -19.28000      5.5152696E-04
  -19.26000      4.1007047E-04
  -19.24000      2.8948506E-04
  -19.22000      1.9042051E-04
  -19.20000      1.1375394E-04
  -19.18000      5.8150494E-05
  -19.16000      2.2959361E-05
  -19.14000      6.2476388E-06
  -19.12000      5.6654503E-06
  -19.10000      1.8606224E-05
  -19.08000      4.1798980E-05
  -19.06000      7.1784554E-05
  -19.04000      1.0532212E-04
  -19.02000      1.3886864E-04
  -19.00000      1.6938652E-04
  -18.98000      1.9391377E-04
  -18.96000      2.1006254E-04
  -18.94000      2.1631240E-04
  -18.92000      2.1163987E-04
  -18.90000      1.9643806E-04
  -18.88000      1.7156856E-04
  -18.86000      1.3940701E-04
  -18.84000      1.0307823E-04
  -18.82000      6.7184847E-05
  -18.80000      3.7799146E-05
  -18.78000      2.1582693E-05
  -18.76000      2.6358484E-05
  -18.74000      6.0995764E-05
  -18.72000      1.3474816E-04
  -18.70000      2.5794955E-04
  -18.68000      4.4155179E-04
  -18.66000      6.9587561E-04
  -18.64000      1.0320200E-03
  -18.62000      1.4580139E-03
  -18.60000      1.9866878E-03
  -18.58000      2.6239939E-03
  -18.56000      3.3785249E-03
  -18.54000      4.2562131E-03
  -18.52000      5.2577425E-03
  -18.50000      6.3932040E-03
  -18.48000      7.6522375E-03
  -18.46000      9.0416232E-03
  -18.44000      1.0551586E-02
  -18.42000      1.2172109E-02
  -18.40000      1.3904541E-02
  -18.38000      1.5721746E-02
  -18.36000      1.7622218E-02
  -18.34000      1.9579612E-02
  -18.32000      2.1578532E-02
  -18.30000      2.3604263E-02
  -18.28000      2.5622284E-02
  -18.26000      2.7623745E-02
  -18.24000      2.9570989E-02
  -18.22000      3.1446461E-02
  -18.20000      3.3228029E-02
  -18.18000      3.4885988E-02
  -18.16000      3.6406375E-02
  -18.14000      3.7755672E-02
  -18.12000      3.8923029E-02
  -18.10000      3.9891027E-02
  -18.08000      4.0637169E-02
  -18.06000      4.1158188E-02
  -18.04000      4.1438594E-02
  -18.02000      4.1475393E-02
  -18.00000      4.1268349E-02
  -17.98000      4.0814161E-02
  -17.96000      4.0119130E-02
  -17.94000      3.9196100E-02
  -17.92000      3.8047515E-02
  -17.90000      3.6699045E-02
  -17.88000      3.5160430E-02
  -17.86000      3.3452850E-02
  -17.84000      3.1606227E-02
  -17.82000      2.9630404E-02
  -17.80000      2.7569883E-02
  -17.78000      2.5434999E-02
  -17.76000      2.3260612E-02
  -17.74000      2.1078441E-02
  -17.72000      1.8900393E-02
  -17.70000      1.6772181E-02
  -17.68000      1.4700259E-02
  -17.66000      1.2717338E-02
  -17.64000      1.0842106E-02
  -17.62000      9.0845646E-03
  -17.60000      7.4736900E-03
  -17.58000      6.0062562E-03
  -17.56000      4.7025308E-03
  -17.54000      3.5637729E-03
  -17.52000      2.5897857E-03
  -17.50000      1.7855635E-03
  -17.48000      1.1407104E-03
  -17.46000      6.5480825E-04
  -17.44000      3.1590022E-04
  -17.42000      1.1215480E-04
  -17.40000      3.2476251E-05
  -17.38000      6.0690592E-05
  -17.36000      1.8126192E-04
  -17.34000      3.7830844E-04
  -17.32000      6.3454837E-04
  -17.30000      9.3299814E-04
  -17.28000      1.2585446E-03
  -17.26000      1.5935450E-03
  -17.24000      1.9269213E-03
  -17.22000      2.2434795E-03
  -17.20000      2.5328426E-03
  -17.18000      2.7866529E-03
  -17.16000      2.9964061E-03
  -17.14000      3.1588362E-03
  -17.12000      3.2698594E-03
  -17.10000      3.3289818E-03
  -17.08000      3.3377255E-03
  -17.06000      3.2991031E-03
  -17.04000      3.2177549E-03
  -17.02000      3.1006013E-03
  -17.00000      2.9538686E-03
  -16.98000      2.7871160E-03
  -16.96000      2.6087284E-03
  -16.94000      2.4275735E-03
  -16.92000      2.2542574E-03
  -16.90000      2.0958814E-03
  -16.88000      1.9619938E-03
  -16.86000      1.8595961E-03
  -16.84000      1.7947824E-03
  -16.82000      1.7732645E-03
  -16.80000      1.7979641E-03
  -16.78000      1.8708430E-03
  -16.76000      1.9929262E-03
  -16.74000      2.1626484E-03
  -16.72000      2.3769615E-03
  -16.70000      2.6324801E-03
  -16.68000      2.9215668E-03
  -16.66000      3.2400615E-03
  -16.64000      3.5780801E-03
  -16.62000      3.9273524E-03
  -16.60000      4.2797504E-03
  -16.58000      4.6231090E-03
  -16.56000      4.9512908E-03
  -16.54000      5.2528465E-03
  -16.52000      5.5196835E-03
  -16.50000      5.7443026E-03
  -16.48000      5.9186425E-03
  -16.46000      6.0385340E-03
  -16.44000      6.0988385E-03
  -16.42000      6.0964902E-03
  -16.40000      6.0306429E-03
  -16.38000      5.9015681E-03
  -16.36000      5.7106894E-03
  -16.34000      5.4629329E-03
  -16.32000      5.1610176E-03
  -16.30000      4.8134034E-03
  -16.28000      4.4269413E-03
  -16.26000      4.0087011E-03
  -16.24000      3.5711890E-03
  -16.22000      3.1202652E-03
  -16.20000      2.6692031E-03
  -16.18000      2.2269206E-03
  -16.16000      1.8024637E-03
  -16.14000      1.4074648E-03
  -16.12000      1.0473633E-03
  -16.10000      7.3294650E-04
  -16.08000      4.6898078E-04
  -16.06000      2.6103988E-04
  -16.04000      1.1398975E-04
  -16.02000      2.8844164E-05
  -16.00000      7.1007471E-06
  -15.98000      4.8144175E-05
  -15.96000      1.4908955E-04
  -15.94000      3.0690321E-04
  -15.92000      5.1650207E-04
  -15.90000      7.7038462E-04
  -15.88000      1.0634410E-03
  -15.86000      1.3850853E-03
  -15.84000      1.7285263E-03
  -15.82000      2.0842280E-03
  -15.80000      2.4411140E-03
  -15.78000      2.7932236E-03
  -15.76000      3.1281665E-03
  -15.74000      3.4400709E-03
  -15.72000      3.7204863E-03
  -15.70000      3.9616697E-03
  -15.68000      4.1598682E-03
  -15.66000      4.3090382E-03
  -15.64000      4.4068256E-03
  -15.62000      4.4511780E-03
  -15.60000      4.4413516E-03
  -15.58000      4.3783751E-03
  -15.56000      4.2648870E-03
  -15.54000      4.1031814E-03
  -15.52000      3.8990348E-03
  -15.50000      3.6567873E-03
  -15.48000      3.3827801E-03
  -15.46000      3.0852982E-03
  -15.44000      2.7689424E-03
  -15.42000      2.4442880E-03
  -15.40000      2.1166974E-03
  -15.38000      1.7941508E-03
  -15.36000      1.4848495E-03
  -15.34000      1.1929865E-03
  -15.32000      9.2694489E-04
  -15.30000      6.8954960E-04
  -15.28000      4.8608182E-04
  -15.26000      3.1965549E-04
  -15.24000      1.9123580E-04
  -15.22000      1.0289712E-04
  -15.20000      5.3642190E-05
  -15.18000      4.2461284E-05
  -15.16000      6.7231776E-05
  -15.14000      1.2466835E-04
  -15.12000      2.1063862E-04
  -15.10000      3.2119307E-04
  -15.08000      4.5028227E-04
  -15.06000      5.9334817E-04
  -15.04000      7.4439537E-04
  -15.02000      8.9726015E-04
  -15.00000      1.0475433E-03
  -14.98000      1.1886939E-03
  -14.96000      1.3170879E-03
  -14.94000      1.4277986E-03
  -14.92000      1.5172836E-03
  -14.90000      1.5832491E-03
  -14.88000      1.6231339E-03
  -14.86000      1.6362187E-03
  -14.84000      1.6223064E-03
  -14.82000      1.5818684E-03
  -14.80000      1.5165856E-03
  -14.78000      1.4290285E-03
  -14.76000      1.3215436E-03
  -14.74000      1.1987607E-03
  -14.72000      1.0640220E-03
  -14.70000      9.2213176E-04
  -14.68000      7.7840633E-04
  -14.66000      6.3670758E-04
  -14.64000      5.0308689E-04
  -14.62000      3.8116513E-04
  -14.60000      2.7594328E-04
  -14.58000      1.9145735E-04
  -14.56000      1.3062693E-04
  -14.54000      9.6821881E-05
  -14.52000      9.1865651E-05
  -14.50000      1.1704278E-04
  -14.48000      1.7317836E-04
  -14.46000      2.5993184E-04
  -14.44000      3.7588854E-04
  -14.42000      5.2023190E-04
  -14.40000      6.8915036E-04
  -14.38000      8.8056945E-04
  -14.36000      1.0903436E-03
  -14.34000      1.3138887E-03
  -14.32000      1.5480588E-03
  -14.30000      1.7860358E-03
  -14.28000      2.0248934E-03
  -14.26000      2.2584968E-03
  -14.24000      2.4821884E-03
  -14.22000      2.6924571E-03
  -14.20000      2.8834043E-03
  -14.18000      3.0528831E-03
  -14.16000      3.1966087E-03
  -14.14000      3.3123691E-03
  -14.12000      3.3983195E-03
  -14.10000      3.4525455E-03
  -14.08000      3.4749212E-03
  -14.06000      3.4653074E-03
  -14.04000      3.4242689E-03
  -14.02000      3.3533752E-03
  -14.00000      3.2545913E-03
  -13.98000      3.1297973E-03
  -13.96000      2.9829862E-03
  -13.94000      2.8160643E-03
  -13.92000      2.6335490E-03
  -13.90000      2.4390370E-03
  -13.88000      2.2353709E-03
  -13.86000      2.0280362E-03
  -13.84000      1.8187816E-03
  -13.82000      1.6125545E-03
  -13.80000      1.4117376E-03
  -13.78000      1.2190335E-03
  -13.76000      1.0381008E-03
  -13.74000      8.6931384E-04
  -13.72000      7.1576447E-04
  -13.70000      5.7769776E-04
  -13.68000      4.5591008E-04
  -13.66000      3.5099633E-04
  -13.64000      2.6194443E-04
  -13.62000      1.8895869E-04
  -13.60000      1.3045843E-04
  -13.58000      8.5414373E-05
  -13.56000      5.2398867E-05
  -13.54000      2.9528024E-05
  -13.52000      1.5276581E-05
  -13.50000      7.7555951E-06
  -13.48000      5.2810528E-06
  -13.46000      6.2688232E-06
  -13.44000      9.2795754E-06
  -13.42000      1.3100744E-05
  -13.40000      1.6828364E-05
  -13.38000      1.9797268E-05
  -13.36000      2.1712109E-05
  -13.34000      2.2590528E-05
  -13.32000      2.2777031E-05
  -13.30000      2.2943510E-05
  -13.28000      2.4051089E-05
  -13.26000      2.7345670E-05
  -13.24000      3.4245106E-05
  -13.22000      4.6392674E-05
  -13.20000      6.5548484E-05
  -13.18000      9.3379655E-05
  -13.16000      1.3192595E-04
  -13.14000      1.8255519E-04
  -13.12000      2.4711972E-04
  -13.10000      3.2698893E-04
  -13.08000      4.2287479E-04
  -13.06000      5.3643883E-04
  -13.04000      6.6712691E-04
  -13.02000      8.1590645E-04
  -13.00000      9.8214380E-04
  -12.98000      1.1648053E-03
  -12.96000      1.3639629E-03
  -12.94000      1.5762756E-03
  -12.92000      1.8017174E-03
  -12.90000      2.0368511E-03
  -12.88000      2.2790739E-03
  -12.86000      2.5266977E-03
  -12.84000      2.7747620E-03
  -12.82000      3.0223734E-03
  -12.80000      3.2642588E-03
  -12.78000      3.4979673E-03
  -12.76000      3.7206141E-03
  -12.74000      3.9275922E-03
  -12.72000      4.1178162E-03
  -12.70000      4.2868988E-03
  -12.68000      4.4332114E-03
  -12.66000      4.5546456E-03
  -12.64000      4.6489709E-03
  -12.62000      4.7156010E-03
  -12.60000      4.7530555E-03
  -12.58000      4.7611580E-03
  -12.56000      4.7400622E-03
  -12.54000      4.6901102E-03
  -12.52000      4.6121385E-03
  -12.50000      4.5080106E-03
  -12.48000      4.3785302E-03
  -12.46000      4.2268089E-03
  -12.44000      4.0545566E-03
  -12.42000      3.8641675E-03
  -12.40000      3.6595713E-03
  -12.38000      3.4418944E-03
  -12.36000      3.2160163E-03
  -12.34000      2.9836742E-03
  -12.32000      2.7480780E-03
  -12.30000      2.5127626E-03
  -12.28000      2.2788486E-03
  -12.26000      2.0509518E-03
  -12.24000      1.8295028E-03
  -12.22000      1.6175312E-03
  -12.20000      1.4169010E-03
  -12.18000      1.2280437E-03
  -12.16000      1.0535235E-03
  -12.14000      8.9263491E-04
  -12.12000      7.4708101E-04
  -12.10000      6.1661773E-04
  -12.08000      5.0090277E-04
  -12.06000      4.0043014E-04
  -12.04000      3.1371834E-04
  -12.02000      2.4076529E-04
  -12.00000      1.8031873E-04
  -11.98000      1.3133888E-04
  -11.96000      9.2922419E-05
  -11.94000      6.3566811E-05
  -11.92000      4.2342443E-05
  -11.90000      2.7877923E-05
  -11.88000      1.9029731E-05
  -11.86000      1.4705921E-05
  -11.84000      1.3816789E-05
  -11.82000      1.5422469E-05
  -11.80000      1.8698831E-05
  -11.78000      2.2886032E-05
  -11.76000      2.7392567E-05
  -11.74000      3.1740969E-05
  -11.72000      3.5527170E-05
  -11.70000      3.8523634E-05
  -11.68000      4.0551826E-05
  -11.66000      4.1546515E-05
  -11.64000      4.1522293E-05
  -11.62000      4.0540668E-05
  -11.60000      3.8717255E-05
  -11.58000      3.6220335E-05
  -11.56000      3.3200107E-05
  -11.54000      2.9849931E-05
  -11.52000      2.6346779E-05
  -11.50000      2.2831711E-05
  -11.48000      1.9471510E-05
  -11.46000      1.6351953E-05
  -11.44000      1.3576298E-05
  -11.42000      1.1188026E-05
  -11.40000      9.2020946E-06
  -11.38000      7.6242395E-06
  -11.36000      6.4100323E-06
  -11.34000      5.5169853E-06
  -11.32000      4.8772931E-06
  -11.30000      4.4207936E-06
  -11.28000      4.0782033E-06
  -11.26000      3.7817535E-06
  -11.24000      3.4805814E-06
  -11.22000      3.1318225E-06
  -11.20000      2.7176081E-06
  -11.18000      2.2407321E-06
  -11.16000      1.7227497E-06
  -11.14000      1.2103499E-06
  -11.12000      7.6054562E-07
  -11.10000      4.5543760E-07
  -11.08000      3.8283306E-07
  -11.06000      6.3557167E-07
  -11.04000      1.3049990E-06
  -11.02000      2.4822245E-06
  -11.00000      4.2255297E-06
  -10.98000      6.6010080E-06
  -10.96000      9.6227150E-06
  -10.94000      1.3279052E-05
  -10.92000      1.7559651E-05
  -10.90000      2.2350425E-05
  -10.88000      2.7586795E-05
  -10.86000      3.3107059E-05
  -10.84000      3.8738541E-05
  -10.82000      4.4322689E-05
  -10.80000      4.9612019E-05
  -10.78000      5.4441974E-05
  -10.76000      5.8568949E-05
  -10.74000      6.1807528E-05
  -10.72000      6.3994492E-05
  -10.70000      6.4976281E-05
  -10.68000      6.4666528E-05
  -10.66000      6.3027437E-05
  -10.64000      6.0061593E-05
  -10.62000      5.5863115E-05
  -10.60000      5.0587907E-05
  -10.58000      4.4419961E-05
  -10.56000      3.7694124E-05
  -10.54000      3.0698480E-05
  -10.52000      2.3862649E-05
  -10.50000      1.7618124E-05
  -10.48000      1.2394187E-05
  -10.46000      8.7048647E-06
  -10.44000      6.9864955E-06
  -10.42000      7.6833676E-06
  -10.40000      1.1208569E-05
  -10.38000      1.7883716E-05
  -10.36000      2.7926846E-05
  -10.34000      4.1573610E-05
  -10.32000      5.8750593E-05
  -10.30000      7.9498139E-05
  -10.28000      1.0354162E-04
  -10.26000      1.3048117E-04
  -10.24000      1.6003016E-04
  -10.22000      1.9132707E-04
  -10.20000      2.2390582E-04
  -10.18000      2.5681133E-04
  -10.16000      2.8918340E-04
  -10.14000      3.2023422E-04
  -10.12000      3.4875417E-04
  -10.10000      3.7408067E-04
  -10.08000      3.9514163E-04
  -10.06000      4.1117411E-04
  -10.04000      4.2154850E-04
  -10.02000      4.2563232E-04
  -10.00000      4.2310765E-04
  -9.980000      4.1380982E-04
  -9.960000      3.9779340E-04
  -9.940000      3.7536575E-04
  -9.920000      3.4706891E-04
  -9.900000      3.1368100E-04
  -9.880000      2.7623269E-04
  -9.860000      2.3595961E-04
  -9.840000      1.9429508E-04
  -9.820000      1.5281302E-04
  -9.800000      1.1319896E-04
  -9.780000      7.7203695E-05
  -9.760000      4.6586567E-05
  -9.740000      2.3029681E-05
  -9.720000      8.1132521E-06
  -9.700000      3.2308237E-06
  -9.680000      9.5465284E-06
  -9.660000      2.7920632E-05
  -9.640000      5.8871487E-05
  -9.620000      1.0252864E-04
  -9.600000      1.5857939E-04
  -9.580000      2.2632077E-04
  -9.560000      3.0461478E-04
  -9.540000      3.9184475E-04
  -9.520000      4.8602160E-04
  -9.500000      5.8477791E-04
  -9.480000      6.8546610E-04
  -9.460000      7.8519498E-04
  -9.440000      8.8092219E-04
  -9.420000      9.6960069E-04
  -9.400000      1.0482620E-03
  -9.380000      1.1140795E-03
  -9.360000      1.1645616E-03
  -9.340000      1.1976333E-03
  -9.320000      1.2118050E-03
  -9.300000      1.2062031E-03
  -9.280000      1.1807454E-03
  -9.260000      1.1361797E-03
  -9.240000      1.0741351E-03
  -9.220000      9.9724904E-04
  -9.200000      9.0906007E-04
  -9.180000      8.1409101E-04
  -9.160000      7.1776466E-04
  -9.140000      6.2631402E-04
  -9.120000      5.4680515E-04
  -9.100000      4.8676753E-04
  -9.080000      4.5420916E-04
  -9.060000      4.5737313E-04
  -9.040000      5.0456100E-04
  -9.020000      6.0388580E-04
  -9.000000      7.6295069E-04
  -8.980000      9.8872476E-04
  -8.960000      1.2872138E-03
  -8.940000      1.6632562E-03
  -8.920000      2.1201852E-03
  -8.900000      2.6600345E-03
  -8.880000      3.2828352E-03
  -8.860000      3.9866623E-03
  -8.840000      4.7677257E-03
  -8.820000      5.6199436E-03
  -8.800000      6.5354514E-03
  -8.780000      7.5039784E-03
  -8.760000      8.5135484E-03
  -8.740000      9.5510101E-03
  -8.720000      1.0601061E-02
  -8.700000      1.1647294E-02
  -8.680000      1.2672248E-02
  -8.660000      1.3658196E-02
  -8.640000      1.4587230E-02
  -8.620000      1.5441342E-02
  -8.600000      1.6203439E-02
  -8.580000      1.6857760E-02
  -8.560000      1.7390031E-02
  -8.540000      1.7787669E-02
  -8.520000      1.8040305E-02
  -8.500000      1.8140476E-02
  -8.480000      1.8083647E-02
  -8.460000      1.7868336E-02
  -8.440000      1.7496442E-02
  -8.420000      1.6972985E-02
  -8.400000      1.6306115E-02
  -8.380000      1.5507450E-02
  -8.360000      1.4591335E-02
  -8.340000      1.3574938E-02
  -8.320000      1.2477491E-02
  -8.300000      1.1320066E-02
  -8.280000      1.0125164E-02
  -8.260000      8.9159319E-03
  -8.240000      7.7151074E-03
  -8.220000      6.5453313E-03
  -8.200000      5.4282690E-03
  -8.180000      4.3836879E-03
  -8.160000      3.4289432E-03
  -8.140000      2.5786522E-03
  -8.120000      1.8440494E-03
  -8.100000      1.2328090E-03
  -8.080000      7.4847974E-04
  -8.060000      3.9052602E-04
  -8.040000      1.5465716E-04
  -8.020000      3.2550848E-05
  -8.000000      1.2227126E-05
  -7.980000      7.8456651E-05
  -7.960000      2.1340745E-04
  -7.940000      3.9713221E-04
  -7.920000      6.0861290E-04
  -7.900000      8.2660333E-04
  -7.880000      1.0304236E-03
  -7.860000      1.2010898E-03
  -7.840000      1.3223948E-03
  -7.820000      1.3819479E-03
  -7.800000      1.3722263E-03
  -7.780000      1.2914492E-03
  -7.760000      1.1445102E-03
  -7.740000      9.4354269E-04
  -7.720000      7.0862024E-04
  -7.700000      4.6822958E-04
  -7.680000      2.5921833E-04
  -7.660000      1.2686287E-04
  -7.640000      1.2450357E-04
  -7.620000      3.1308192E-04
  -7.600000      7.6000806E-04
  -7.580000      1.5386825E-03
  -7.560000      2.7270168E-03
  -7.540000      4.4054193E-03
  -7.520000      6.6555813E-03
  -7.500000      9.5584039E-03
  -7.480000      1.3191929E-02
  -7.460000      1.7629538E-02
  -7.440000      2.2936337E-02
  -7.420000      2.9169085E-02
  -7.400000      3.6376227E-02
  -7.380000      4.4590145E-02
  -7.360000      5.3827532E-02
  -7.340000      6.4089827E-02
  -7.320000      7.5360529E-02
  -7.300000      8.7603971E-02
  -7.280000      0.1007645    
  -7.260000      0.1147642    
  -7.240000      0.1295126    
  -7.220000      0.1448980    
  -7.200000      0.1607862    
  -7.180000      0.1770283    
  -7.160000      0.1934595    
  -7.140000      0.2099041    
  -7.120000      0.2261763    
  -7.100000      0.2420804    
  -7.080000      0.2574211    
  -7.060000      0.2720045    
  -7.040000      0.2856332    
  -7.020000      0.2981180    
  -7.000000      0.3092794    
  -6.980000      0.3189522    
  -6.960000      0.3269864    
  -6.940000      0.3332525    
  -6.920000      0.3376460    
  -6.900000      0.3400828    
  -6.880000      0.3405072    
  -6.860000      0.3388957    
  -6.840000      0.3352472    
  -6.820000      0.3295958    
  -6.800000      0.3220039    
  -6.780000      0.3125637    
  -6.760000      0.3013957    
  -6.740000      0.2886406    
  -6.720000      0.2744635    
  -6.700000      0.2590556    
  -6.680000      0.2426209    
  -6.660000      0.2253766    
  -6.640000      0.2075489    
  -6.620000      0.1893701    
  -6.600000      0.1710781    
  -6.580000      0.1528991    
  -6.560000      0.1350499    
  -6.540000      0.1177459    
  -6.520000      0.1011852    
  -6.500000      8.5545093E-02
  -6.480000      7.0982315E-02
  -6.460000      5.7628930E-02
  -6.440000      4.5592491E-02
  -6.420000      3.4952823E-02
  -6.400000      2.5755737E-02
  -6.380000      1.8023964E-02
  -6.360000      1.1752796E-02
  -6.340000      6.9090808E-03
  -6.320000      3.4343575E-03
  -6.300000      1.2467505E-03
  -6.280000      2.4358579E-04
  -6.260000      3.0452540E-04
  -6.240000      1.2949946E-03
  -6.220000      3.0701477E-03
  -6.200000      5.4778382E-03
  -6.180000      8.3628893E-03
  -6.160000      1.1570918E-02
  -6.140000      1.4951980E-02
  -6.120000      1.8364208E-02
  -6.100000      2.1676648E-02
  -6.080000      2.4772974E-02
  -6.060000      2.7554516E-02
  -6.040000      2.9939283E-02
  -6.020000      3.1865414E-02
  -6.000000      3.3291958E-02
  -5.980000      3.4199044E-02
  -5.960000      3.4587666E-02
  -5.940000      3.4478806E-02
  -5.920000      3.3911794E-02
  -5.900000      3.2942347E-02
  -5.880000      3.1640843E-02
  -5.860000      3.0089770E-02
  -5.840000      2.8380193E-02
  -5.820000      2.6608784E-02
  -5.800000      2.4874792E-02
  -5.780000      2.3276679E-02
  -5.760000      2.1908762E-02
  -5.740000      2.0857658E-02
  -5.720000      2.0200476E-02
  -5.700000      2.0001972E-02
  -5.680000      2.0312395E-02
  -5.660000      2.1165632E-02
  -5.640000      2.2577858E-02
  -5.620000      2.4547147E-02
  -5.600000      2.7052511E-02
  -5.580000      3.0055972E-02
  -5.560000      3.3503126E-02
  -5.540000      3.7322666E-02
  -5.520000      4.1429769E-02
  -5.500000      4.5728136E-02
  -5.480000      5.0112586E-02
  -5.460000      5.4472186E-02
  -5.440000      5.8692541E-02
  -5.420000      6.2659554E-02
  -5.400000      6.6264570E-02
  -5.380000      6.9403954E-02
  -5.360000      7.1982920E-02
  -5.340000      7.3920131E-02
  -5.320000      7.5149000E-02
  -5.300000      7.5619452E-02
  -5.280000      7.5300671E-02
  -5.260000      7.4181743E-02
  -5.240000      7.2271414E-02
  -5.220000      6.9598317E-02
  -5.200000      6.6211857E-02
  -5.180000      6.2179957E-02
  -5.160000      5.7587419E-02
  -5.140000      5.2534103E-02
  -5.120000      4.7132898E-02
  -5.100000      4.1506875E-02
  -5.080000      3.5786103E-02
  -5.060000      3.0100629E-02
  -5.040000      2.4584282E-02
  -5.020000      1.9367695E-02
  -5.000000      1.4574304E-02
  -4.980000      1.0317670E-02
  -4.960000      6.6985274E-03
  -4.940000      3.8025801E-03
  -4.920000      1.6969088E-03
  -4.900000      4.2939620E-04
  -4.880000      2.7691272E-05
  -4.860000      4.9800798E-04
  -4.840000      1.8249458E-03
  -4.820000      3.9718952E-03
  -4.800000      6.8815383E-03
  -4.780000      1.0477464E-02
  -4.760000      1.4666127E-02
  -4.740000      1.9340368E-02
  -4.720000      2.4382032E-02
  -4.700000      2.9662203E-02
  -4.680000      3.5047803E-02
  -4.660000      4.0403008E-02
  -4.640000      4.5593690E-02
  -4.620000      5.0490759E-02
  -4.600000      5.4972772E-02
  -4.580000      5.8930118E-02
  -4.560000      6.2268846E-02
  -4.540000      6.4907447E-02
  -4.520000      6.6785231E-02
  -4.500000      6.7859553E-02
  -4.480000      6.8108641E-02
  -4.460000      6.7531727E-02
  -4.440000      6.6148832E-02
  -4.420000      6.4000025E-02
  -4.400000      6.1144378E-02
  -4.380000      5.7656001E-02
  -4.360000      5.3624928E-02
  -4.340000      4.9155060E-02
  -4.320000      4.4358477E-02
  -4.300000      3.9353322E-02
  -4.280000      3.4260768E-02
  -4.260000      2.9202163E-02
  -4.240000      2.4293741E-02
  -4.220000      1.9644743E-02
  -4.200000      1.5355931E-02
  -4.180000      1.1517502E-02
  -4.160000      8.2049696E-03
  -4.140000      5.4781078E-03
  -4.120000      3.3781612E-03
  -4.100000      1.9292327E-03
  -4.080000      1.1374688E-03
  -4.060000      9.8947156E-04
  -4.040000      1.4541330E-03
  -4.020000      2.4856385E-03
  -4.000000      4.0268293E-03
  -3.980000      6.0081137E-03
  -3.960000      8.3396537E-03
  -3.940000      1.0914994E-02
  -3.920000      1.3637581E-02
  -3.900000      1.6426902E-02
  -3.880000      1.9201292E-02
  -3.860000      2.1830965E-02
  -3.840000      2.4190599E-02
  -3.820000      2.6169015E-02
  -3.800000      2.7708143E-02
  -3.780000      2.8880445E-02
  -3.760000      2.9722305E-02
  -3.740000      3.0177515E-02
  -3.720000      3.0061370E-02
  -3.700000      2.9266799E-02
  -3.680000      2.7981335E-02
  -3.660000      2.6434792E-02
  -3.640000      2.4693001E-02
  -3.620000      2.2685843E-02
  -3.600000      2.0382551E-02
  -3.580000      1.7877756E-02
  -3.560000      1.5240221E-02
  -3.540000      1.2528531E-02
  -3.520000      9.8926555E-03
  -3.500000      7.5432705E-03
  -3.480000      5.6012236E-03
  -3.460000      4.0856656E-03
  -3.440000      3.0239336E-03
  -3.420000      2.4883235E-03
  -3.400000      2.5519172E-03
  -3.380000      3.2663681E-03
  -3.360000      4.6206992E-03
  -3.340000      6.6078971E-03
  -3.320000      9.3412660E-03
  -3.300000      1.2792808E-02
  -3.280000      1.6631855E-02
  -3.260000      2.0867109E-02
  -3.240000      2.5708688E-02
  -3.220000      3.0481398E-02
  -3.200000      3.4379195E-02
  -3.180000      3.8248289E-02
  -3.160000      4.2904481E-02
  -3.140000      4.7934946E-02
  -3.120000      5.3387742E-02
  -3.100000      5.9866421E-02
  -3.080000      6.8554007E-02
  -3.060000      7.8696877E-02
  -3.040000      8.7114550E-02
  -3.020000      9.5411494E-02
  -3.000000      0.1011774    
  -2.980000      0.1017094    
  -2.960000      0.1002925    
  -2.940000      9.3272448E-02
  -2.920000      8.2696475E-02
  -2.900000      7.1565188E-02
  -2.880000      5.8137644E-02
  -2.860000      4.5580585E-02
  -2.840000      3.4731295E-02
  -2.820000      2.5226980E-02
  -2.800000      1.8301487E-02
  -2.780000      1.3696031E-02
  -2.760000      1.1535371E-02
  -2.740000      1.2250891E-02
  -2.720000      1.5997948E-02
  -2.700000      2.2804180E-02
  -2.680000      3.1971067E-02
  -2.660000      4.1936006E-02
  -2.640000      5.0649486E-02
  -2.620000      5.5851933E-02
  -2.600000      5.5976931E-02
  -2.580000      5.0571039E-02
  -2.560000      4.0441617E-02
  -2.540000      2.8279990E-02
  -2.520000      1.6941404E-02
  -2.500000      8.4484499E-03
  -2.480000      3.4048641E-03
  -2.460000      1.1024396E-03
  -2.440000      3.2739228E-04
  -2.420000      1.4076375E-04
  -2.400000      1.0975044E-04
  -2.380000      1.0865308E-04
  -2.360000      1.1363257E-04
  -2.340000      1.2200124E-04
  -2.320000      1.3414459E-04
  -2.300000      1.4964469E-04
  -2.280000      1.6625357E-04
  -2.260000      1.8143274E-04
  -2.240000      1.9357273E-04
  -2.220000      2.0265082E-04
  -2.200000      2.0926676E-04
  -2.180000      2.1398744E-04
  -2.160000      2.1707214E-04
  -2.140000      2.1846125E-04
  -2.120000      2.1838832E-04
  -2.100000      2.1685194E-04
  -2.080000      2.1380943E-04
  -2.060000      2.1062978E-04
  -2.040000      2.0598473E-04
  -2.020000      2.0118640E-04
  -2.000000      1.9743900E-04
  -1.980000      1.9160469E-04
  -1.960000      1.8766621E-04
  -1.940000      1.8496953E-04
  -1.920000      1.8016461E-04
  -1.900000      1.7874711E-04
  -1.880000      1.7890583E-04
  -1.860000      1.7795329E-04
  -1.840000      1.8045916E-04
  -1.820000      1.8581667E-04
  -1.800000      1.9215561E-04
  -1.780000      2.0172297E-04
  -1.760000      2.1537597E-04
  -1.740000      2.3319117E-04
  -1.720000      2.5633379E-04
  -1.700000      2.8631528E-04
  -1.680000      3.2529578E-04
  -1.660000      3.7711739E-04
  -1.640000      4.4757538E-04
  -1.620000      5.3350138E-04
  -1.600000      6.3857733E-04
  -1.580000      7.9939491E-04
  -1.560000      8.4813510E-04
  -1.540000      9.2250574E-04
  -1.520000      8.0035888E-03
  -1.500000      4.9258638E-02
  -1.480000      8.7611690E-02
  -1.460000      8.6641327E-02
  -1.440000      0.1180415    
  -1.420000      8.5688427E-02
  -1.400000      7.7865236E-02
  -1.380000      0.1025467    
  -1.360000      4.2754758E-02
  -1.340000      6.1549088E-03
  -1.320000      2.1356259E-02
  -1.300000      2.8434800E-02
  -1.280000      9.9328039E-03
  -1.260000      2.1701407E-02
  -1.240000      1.2750839E-02
  -1.220000      1.6648980E-02
  -1.200000      1.4048344E-02
  -1.180000      4.8211492E-03
  -1.160000      4.1678194E-03
  -1.140000      3.9624996E-03
  -1.120000      3.6744403E-03
  -1.100000      2.8789744E-03
  -1.080000      4.2220787E-03
  -1.060000      9.4687873E-03
  -1.040000      3.5101618E-03
  -1.020000      2.7753825E-03
  -1.000000      1.2384059E-02
 -0.9800000      1.1194212E-02
 -0.9600000      1.7720569E-03
 -0.9400000      6.3273252E-04
 -0.9200000      5.6043133E-04
 -0.9000000      4.9077114E-04
 -0.8800000      4.1376919E-04
 -0.8600000      3.5124409E-04
 -0.8400000      2.4357150E-04
 -0.8200000      1.7610873E-04
 -0.8000000      1.1385282E-04
 -0.7800000      7.6854914E-05
 -0.7600000      5.7346719E-05
 -0.7400000      6.0934264E-05
 -0.7200000      1.4127705E-04
 -0.7000000      1.2944661E-04
 -0.6800000      8.3202422E-06
 -0.6600000     -2.2627280E-06
 -0.6400000      2.9274306E-05
 -0.6200000      6.7009190E-05
 -0.6000000      2.7220574E-05
 -0.5800000      2.2686612E-05
 -0.5600000      4.2983254E-05
 -0.5400000      1.4938173E-04
 -0.5200000      8.5390529E-05
 -0.5000000      1.7894481E-04
 -0.4800000      5.5455061E-04
 -0.4600000      1.7528543E-04
 -0.4400000      1.0968443E-04
 -0.4200000      1.9328068E-04
 -0.4000000      6.5481014E-05
 -0.3800000      4.3627562E-05
 -0.3600000      7.3823263E-05
 -0.3400000      9.0123496E-05
 -0.3200000      3.9439179E-05
 -0.3000000      5.4196589E-05
 -0.2800000      6.3831700E-05
 -0.2600000      3.7468511E-05
 -0.2400000      2.2888977E-05
 -0.2200000      2.2580076E-05
 -0.2000000      3.0790743E-05
 -0.1800000      3.4777084E-05
 -0.1600000      1.9498546E-05
 -0.1400000      1.4827598E-05
 -0.1200000      1.4198664E-05
 -0.1000000      1.6147687E-05
 -7.9999998E-02  2.1344080E-05
 -5.9999999E-02  1.6299713E-05
 -3.9999999E-02  1.3292178E-05
 -2.0000000E-02  1.2991258E-05
  0.0000000E+00  1.2973474E-05
  2.0000000E-02  1.3338382E-05
  3.9999999E-02  1.4033267E-05
  5.9999999E-02  1.6368249E-05
  7.9999998E-02  3.3974415E-05
  0.1000000      1.0141983E-04
  0.1200000      2.3550553E-04
  0.1400000      1.4906829E-04
  0.1600000      6.9241891E-05
  0.1800000      5.4210341E-05
  0.2000000      5.5326007E-05
  0.2200000      6.1819148E-05
  0.2400000      6.9522699E-05
  0.2600000      8.9818575E-05
  0.2800000      1.6877326E-04
  0.3000000      6.0078921E-04
  0.3200000      1.4422975E-03
  0.3400000      7.9856027E-04
  0.3600000      3.0511894E-04
  0.3800000      1.1359910E-04
  0.4000000      8.5421394E-05
  0.4200000      7.9651014E-05
  0.4400000      5.6441324E-05
  0.4600000      3.8231170E-05
  0.4800000      4.0426388E-04
  0.5000000      2.9175878E-03
  0.5200000      2.5174543E-03
  0.5400000      2.2753034E-04
  0.5600000      4.3183081E-05
  0.5800000      2.4768044E-04
  0.6000000      6.6139590E-04
  0.6200000      3.2999230E-04
  0.6400000      1.1222962E-04
  0.6600000      1.3368585E-04
  0.6800000      2.1343710E-04
  0.7000000      1.9065406E-04
  0.7200000      1.2521486E-04
  0.7400000      1.5145638E-04
  0.7600000      7.7230863E-05
  0.7800000      9.8530494E-05
  0.8000000      2.0634748E-04
  0.8200000      2.5666395E-04
  0.8400000      7.3809235E-04
  0.8600000      4.4870382E-04
  0.8800000      5.0525065E-04
  0.9000000      4.2949669E-04
  0.9200000      5.6564057E-04
  0.9400000      1.9025733E-03
  0.9600000      1.2819364E-03
  0.9800000      2.5646933E-03
   1.000000      1.3259172E-02
   1.020000      9.2138592E-03
   1.040000      1.8497618E-03
   1.060000      3.1122358E-03
   1.080000      5.0764093E-03
   1.100000      3.3382322E-03
   1.120000      3.5438389E-03
   1.140000      1.5766175E-02
   1.160000      4.5086853E-02
   1.180000      3.8348466E-02
   1.200000      3.8162418E-02
   1.220000      5.8868006E-02
   1.240000      6.8772785E-02
   1.260000      2.1818714E-02
   1.280000      1.0859604E-05
   1.300000     -3.0171929E-04
   1.320000      9.5490206E-05
   1.340000      1.4119987E-04
   1.360000      1.2540017E-04
   1.380000      1.2770304E-04
   1.400000      1.1337778E-04
   1.420000      1.0470422E-04
   1.440000      1.0028408E-04
   1.460000      9.8604272E-05
   1.480000      9.8642224E-05
   1.500000      9.9745419E-05
   1.520000      1.0149797E-04
   1.540000      1.0355985E-04
   1.560000      1.0558754E-04
   1.580000      1.0723359E-04
   1.600000      1.0826806E-04
   1.620000      1.0862183E-04
   1.640000      1.0815151E-04
   1.660000      1.0671849E-04
   1.680000      1.0434269E-04
   1.700000      1.0077872E-04
   1.720000      9.5599949E-05
   1.740000      8.9207453E-05
   1.760000      8.2240418E-05
   1.780000      7.4117794E-05
   1.800000      6.3970234E-05
   1.820000      5.3239139E-05
   1.840000      4.2953936E-05
   1.860000      3.2733624E-05
   1.880000      2.2843629E-05
   1.900000      1.4624587E-05
   1.920000      8.8552861E-06
   1.940000      6.2175422E-06
   1.960000      7.5711018E-06
   1.980000      1.4029121E-05
   2.000000      2.6553023E-05
   2.020000      4.6251600E-05
   2.040000      7.5267970E-05
   2.060000      1.1696317E-04
   2.080000      1.7490520E-04
   2.100000      2.4850827E-04
   2.120000      3.6111649E-04
   2.140000      5.4433447E-04
   2.160000      7.2432234E-04
   2.180000      9.6037611E-04
   2.200000      1.5284584E-03
   2.220000      2.1189519E-03
   2.240000      2.4269845E-03
   2.260000      3.6085537E-03
   2.280000      5.6056064E-03
   2.300000      6.0756356E-03
   2.320000      7.4895732E-03
   2.340000      1.2411603E-02
   2.360000      1.4388872E-02
   2.380000      1.4291055E-02
   2.400000      2.2465674E-02
   2.420000      3.0246016E-02
   2.440000      2.7218472E-02
   2.460000      3.5027806E-02
   2.480000      5.3293254E-02
   2.500000      5.0104849E-02
   2.520000      5.0234232E-02
   2.540000      7.8511551E-02
   2.560000      8.3669141E-02
   2.580000      6.9616064E-02
   2.600000      9.7860485E-02
   2.620000      0.1212291    
   2.640000      9.6122660E-02
   2.660000      0.1080216    
   2.680000      0.1416392    
   2.700000      0.1171047    
   2.720000      0.1116524    
   2.740000      0.1458742    
   2.760000      0.1267461    
   2.780000      9.7227961E-02
   2.800000      0.1171990    
   2.820000      0.1166099    
   2.840000      8.7525576E-02
   2.860000      8.4568933E-02
   2.880000      7.9029173E-02
   2.900000      5.5518139E-02
   2.920000      5.0667569E-02
   2.940000      4.9369011E-02
   2.960000      3.2473113E-02
   2.980000      2.1498639E-02
   3.000000      1.8466763E-02
   3.020000      1.3172196E-02
   3.040000      8.1220241E-03
   3.060000      5.0390745E-03
   3.080000      2.6067665E-03
   3.100000      1.1317089E-03
   3.120000      6.0745020E-04
   3.140000      5.2545202E-04
   3.160000      7.2302262E-04
   3.180000      1.2234227E-03
   3.200000      2.0004702E-03
   3.220000      2.9407395E-03
   3.240000      4.0036766E-03
   3.260000      4.8601679E-03
   3.280000      5.2817627E-03
   3.300000      5.5384329E-03
   3.320000      5.7837195E-03
   3.340000      5.7864008E-03
   3.360000      5.4575186E-03
   3.380000      4.8422622E-03
   3.400000      3.9147777E-03
   3.420000      2.8134917E-03
   3.440000      1.7901076E-03
   3.460000      1.0132717E-03
   3.480000      5.9552258E-04
   3.500000      7.1436714E-04
   3.520000      1.5736239E-03
   3.540000      3.3151787E-03
   3.560000      6.0972180E-03
   3.580000      1.0212453E-02
   3.600000      1.6056027E-02
   3.620000      2.3870440E-02
   3.640000      3.3572186E-02
   3.660000      4.5031246E-02
   3.680000      5.8642942E-02
   3.700000      7.5164668E-02
   3.720000      9.4989285E-02
   3.740000      0.1178430    
   3.760000      0.1428522    
   3.780000      0.1693927    
   3.800000      0.1968849    
   3.820000      0.2250827    
   3.840000      0.2544539    
   3.860000      0.2857517    
   3.880000      0.3193752    
   3.900000      0.3547140    
   3.920000      0.3909239    
   3.940000      0.4273313    
   3.960000      0.4632513    
   3.980000      0.4985098    
   4.000000      0.5325245    
   4.020000      0.5647339    
   4.040000      0.5947586    
   4.060000      0.6220143    
   4.080000      0.6460930    
   4.100000      0.6667600    
   4.120000      0.6838349    
   4.140000      0.6971471    
   4.160000      0.7064288    
   4.180000      0.7115412    
   4.200000      0.7124149    
   4.220000      0.7089825    
   4.240000      0.7013158    
   4.260000      0.6895576    
   4.280000      0.6739122    
   4.300000      0.6545681    
   4.320000      0.6317304    
   4.340000      0.6056796    
   4.360000      0.5767980    
   4.380000      0.5455119    
   4.400000      0.5122540    
   4.420000      0.4774555    
   4.440000      0.4415554    
   4.460000      0.4049933    
   4.480000      0.3682218    
   4.500000      0.3316806    
   4.520000      0.2957889    
   4.540000      0.2609401    
   4.560000      0.2274919    
   4.580000      0.1957656    
   4.600000      0.1660389    
   4.620000      0.1385277    
   4.640000      0.1134158    
   4.660000      9.0841562E-02
   4.680000      7.0886627E-02
   4.700000      5.3584006E-02
   4.720000      3.8917795E-02
   4.740000      2.6829191E-02
   4.760000      1.7218022E-02
   4.780000      9.9442881E-03
   4.800000      4.8359190E-03
   4.820000      1.6972482E-03
   4.840000      3.0973187E-04
   4.860000      4.3893786E-04
   4.880000      1.8416003E-03
   4.900000      4.2703548E-03
   4.920000      7.4799205E-03
   4.940000      1.1233180E-02
   4.960000      1.5306992E-02
   4.980000      1.9493064E-02
   5.000000      2.3603810E-02
   5.020000      2.7475776E-02
   5.040000      3.0971570E-02
   5.060000      3.3981040E-02
   5.080000      3.6422785E-02
   5.100000      3.8243666E-02
   5.120000      3.9419293E-02
   5.140000      3.9950121E-02
   5.160000      3.9861262E-02
   5.180000      3.9200112E-02
   5.200000      3.8032748E-02
   5.220000      3.6440849E-02
   5.240000      3.4518111E-02
   5.260000      3.2366749E-02
   5.280000      3.0092824E-02
   5.300000      2.7802756E-02
   5.320000      2.5601145E-02
   5.340000      2.3586195E-02
   5.360000      2.1846760E-02
   5.380000      2.0459963E-02
   5.400000      1.9488910E-02
   5.420000      1.8981216E-02
   5.440000      1.8967710E-02
   5.460000      1.9461850E-02
   5.480000      2.0459905E-02
   5.500000      2.1941151E-02
   5.520000      2.3868641E-02
   5.540000      2.6191043E-02
   5.560000      2.8844228E-02
   5.580000      3.1752825E-02
   5.600000      3.4832910E-02
   5.620000      3.7996590E-02
   5.640000      4.1152060E-02
   5.660000      4.4206113E-02
   5.680000      4.7068637E-02
   5.700000      4.9654283E-02
   5.720000      5.1884927E-02
   5.740000      5.3691711E-02
   5.760000      5.5017073E-02
   5.780000      5.5816844E-02
   5.800000      5.6060076E-02
   5.820000      5.5730056E-02
   5.840000      5.4825060E-02
   5.860000      5.3358249E-02
   5.880000      5.1357385E-02
   5.900000      4.8863139E-02
   5.920000      4.5928907E-02
   5.940000      4.2618319E-02
   5.960000      3.9002702E-02
   5.980000      3.5161532E-02
   6.000000      3.1178985E-02
   6.020000      2.7141400E-02
   6.040000      2.3135344E-02
   6.060000      1.9245367E-02
   6.080000      1.5552068E-02
   6.100000      1.2130398E-02
   6.120000      9.0455757E-03
   6.140000      6.3544698E-03
   6.160000      4.1040578E-03
   6.180000      2.3292345E-03
   6.200000      1.0525623E-03
   6.220000      2.8398391E-04
   6.240000      2.0935357E-05
   6.260000      2.4847977E-04
   6.280000      9.4033213E-04
   6.300000      2.0598045E-03
   6.320000      3.5605433E-03
   6.340000      5.3881821E-03
   6.360000      7.4819159E-03
   6.380000      9.7761694E-03
   6.400000      1.2202355E-02
   6.420000      1.4690357E-02
   6.440000      1.7170954E-02
   6.460000      1.9578326E-02
   6.480000      2.1849312E-02
   6.500000      2.3925936E-02
   6.520000      2.5757371E-02
   6.540000      2.7300604E-02
   6.560000      2.8521221E-02
   6.580000      2.9393785E-02
   6.600000      2.9902453E-02
   6.620000      3.0041348E-02
   6.640000      2.9813964E-02
   6.660000      2.9232487E-02
   6.680000      2.8317653E-02
   6.700000      2.7097674E-02
   6.720000      2.5607927E-02
   6.740000      2.3888925E-02
   6.760000      2.1985536E-02
   6.780000      1.9945201E-02
   6.800000      1.7816443E-02
   6.820000      1.5649065E-02
   6.840000      1.3491616E-02
   6.860000      1.1390211E-02
   6.880000      9.3876431E-03
   6.900000      7.5222747E-03
   6.920000      5.8274372E-03
   6.940000      4.3305536E-03
   6.960000      3.0519217E-03
   6.980000      2.0059606E-03
   7.000000      1.2004196E-03
   7.020000      6.3615339E-04
   7.040000      3.0761663E-04
   7.060000      2.0325722E-04
   7.080000      3.0607657E-04
   7.100000      5.9427827E-04
   7.120000      1.0423053E-03
   7.140000      1.6215867E-03
   7.160000      2.3012643E-03
   7.180000      3.0493443E-03
   7.200000      3.8336362E-03
   7.220000      4.6226326E-03
   7.240000      5.3864117E-03
   7.260000      6.0972772E-03
   7.280000      6.7308438E-03
   7.300000      7.2664367E-03
   7.320000      7.6871705E-03
   7.340000      7.9806941E-03
   7.360000      8.1392825E-03
   7.380000      8.1599467E-03
   7.400000      8.0443313E-03
   7.420000      7.7985041E-03
   7.440000      7.4326652E-03
   7.460000      6.9604400E-03
   7.480000      6.3987751E-03
   7.500000      5.7672421E-03
   7.520000      5.0872746E-03
   7.540000      4.3815584E-03
   7.560000      3.6733283E-03
   7.580000      2.9857575E-03
   7.600000      2.3412672E-03
   7.620000      1.7605452E-03
   7.640000      1.2624603E-03
   7.660000      8.6360355E-04
   7.680000      5.7757105E-04
   7.700000      4.1476314E-04
   7.720000      3.8214441E-04
   7.740000      4.8310737E-04
   7.760000      7.1741763E-04
   7.780000      1.0814368E-03
   7.800000      1.5682703E-03
   7.820000      2.1677786E-03
   7.840000      2.8670868E-03
   7.860000      3.6509056E-03
   7.880000      4.5020436E-03
   7.900000      5.4018456E-03
   7.920000      6.3306284E-03
   7.940000      7.2681424E-03
   7.960000      8.1947278E-03
   7.980000      9.0909032E-03
   8.000000      9.9380845E-03
   8.020000      1.0719183E-02
   8.040000      1.1418931E-02
   8.060000      1.2024180E-02
   8.080000      1.2524100E-02
   8.100000      1.2910429E-02
   8.120000      1.3177633E-02
   8.140000      1.3322791E-02
   8.160000      1.3345558E-02
   8.180000      1.3248196E-02
   8.200000      1.3035419E-02
   8.220000      1.2714066E-02
   8.240000      1.2292933E-02
   8.260000      1.1782590E-02
   8.280000      1.1194879E-02
   8.300000      1.0542354E-02
   8.320000      9.8384423E-03
   8.340000      9.0969512E-03
   8.360000      8.3315400E-03
   8.380000      7.5555341E-03
   8.400000      6.7816479E-03
   8.420000      6.0217385E-03
   8.440000      5.2865306E-03
   8.460000      4.5850677E-03
   8.480000      3.9253128E-03
   8.500000      3.3137177E-03
   8.520000      2.7551642E-03
   8.540000      2.2528153E-03
   8.560000      1.8083670E-03
   8.580000      1.4221373E-03
   8.600000      1.0930492E-03
   8.620000      8.1875460E-04
   8.640000      5.9591560E-04
   8.660000      4.2044694E-04
   8.680000      2.8764387E-04
   8.700000      1.9228522E-04
   8.720000      1.2895593E-04
   8.740000      9.2196118E-05
   8.760000      7.6689612E-05
   8.780000      7.7451776E-05
   8.800000      8.9941495E-05
   8.820000      1.1020907E-04
   8.840000      1.3495453E-04
   8.860000      1.6162901E-04
   8.880000      1.8846858E-04
   8.900000      2.1447614E-04
   8.920000      2.3942364E-04
   8.940000      2.6380972E-04
   8.960000      2.8876428E-04
   8.980000      3.1601539E-04
   9.000000      3.4771676E-04
   9.020000      3.8638813E-04
   9.040000      4.3475555E-04
   9.060000      4.9562840E-04
   9.080000      5.7177478E-04
   9.100000      6.6579320E-04
   9.120000      7.8002719E-04
   9.140000      9.1642607E-04
   9.160000      1.0764159E-03
   9.180000      1.2608748E-03
   9.200000      1.4700787E-03
   9.220000      1.7036314E-03
   9.240000      1.9604592E-03
   9.260000      2.2387884E-03
   9.280000      2.5362046E-03
   9.300000      2.8498366E-03
   9.320000      3.1760982E-03
   9.340000      3.5109592E-03
   9.360000      3.8500244E-03
   9.380000      4.1885842E-03
   9.400000      4.5217816E-03
   9.420000      4.8446255E-03
   9.440000      5.1521906E-03
   9.460000      5.4398673E-03
   9.480000      5.7031452E-03
   9.500000      5.9378506E-03
   9.520000      6.1403275E-03
   9.540000      6.3073821E-03
   9.560000      6.4364835E-03
   9.580000      6.5256762E-03
   9.600000      6.5737204E-03
   9.620000      6.5800780E-03
   9.640000      6.5448130E-03
   9.660000      6.4687920E-03
   9.680000      6.3534379E-03
   9.700000      6.2008016E-03
   9.720000      6.0135224E-03
   9.740000      5.7946276E-03
   9.760000      5.5477391E-03
   9.780000      5.2767028E-03
   9.800000      4.9854731E-03
   9.820000      4.6783159E-03
   9.840000      4.3595415E-03
   9.860000      4.0335204E-03
   9.880000      3.7043921E-03
   9.900000      3.3761770E-03
   9.920000      3.0526314E-03
   9.940000      2.7373696E-03
   9.960000      2.4333308E-03
   9.980000      2.1432191E-03
   10.00000      1.8692616E-03
   10.02000      1.6132748E-03
   10.04000      1.3777834E-03
   10.06000      1.1616894E-03
   10.08000      9.6709101E-04
   10.10000      7.9372892E-04
   10.12000      6.4070337E-04
   10.14000      5.0865719E-04
   10.16000      3.9537941E-04
   10.18000      3.0062554E-04
   10.20000      2.2268252E-04
   10.22000      1.5990509E-04
   10.24000      1.1104438E-04
   10.26000      7.3967305E-05
   10.28000      4.7337435E-05
   10.30000      2.9303710E-05
   10.32000      1.8286903E-05
   10.34000      1.2857544E-05
   10.36000      1.1550267E-05
   10.38000      1.3161360E-05
   10.40000      1.6625645E-05
   10.42000      2.1007758E-05
   10.44000      2.5579662E-05
   10.46000      2.9793575E-05
   10.48000      3.3187054E-05
   10.50000      3.5528847E-05
   10.52000      3.6672125E-05
   10.54000      3.6597081E-05
   10.56000      3.5390985E-05
   10.58000      3.3197870E-05
   10.60000      3.0211584E-05
   10.62000      2.6699585E-05
   10.64000      2.2885150E-05
   10.66000      1.9038998E-05
   10.68000      1.5402487E-05
   10.70000      1.2156752E-05
   10.72000      9.4943871E-06
   10.74000      7.5126873E-06
   10.76000      6.2969543E-06
   10.78000      5.8667529E-06
   10.80000      6.1924511E-06
   10.82000      7.2034450E-06
   10.84000      8.7987282E-06
   10.86000      1.0834554E-05
   10.88000      1.3164817E-05
   10.90000      1.5621667E-05
   10.92000      1.8030401E-05
   10.94000      2.0249459E-05
   10.96000      2.2123722E-05
   10.98000      2.3552671E-05
   11.00000      2.4454070E-05
   11.02000      2.4776087E-05
   11.04000      2.4517180E-05
   11.06000      2.3712781E-05
   11.08000      2.2424865E-05
   11.10000      2.0764832E-05
   11.12000      1.8860748E-05
   11.14000      1.6862679E-05
   11.16000      1.4956618E-05
   11.18000      1.3298606E-05
   11.20000      1.2071693E-05
   11.22000      1.1431749E-05
   11.24000      1.1514068E-05
   11.26000      1.2432051E-05
   11.28000      1.4264283E-05
   11.30000      1.7026647E-05
   11.32000      2.0732052E-05
   11.34000      2.5308758E-05
   11.36000      3.0646126E-05
   11.38000      3.6629222E-05
   11.40000      4.3026092E-05
   11.42000      4.9676451E-05
   11.44000      5.6295939E-05
   11.46000      6.2641317E-05
   11.48000      6.8475048E-05
   11.50000      7.3500312E-05
   11.52000      7.7526645E-05
   11.54000      8.0322214E-05
   11.56000      8.1729137E-05
   11.58000      8.1637030E-05
   11.60000      7.9980891E-05
   11.62000      7.6756114E-05
   11.64000      7.2062743E-05
   11.66000      6.5999717E-05
   11.68000      5.8799807E-05
   11.70000      5.0741841E-05
   11.72000      4.2104271E-05
   11.74000      3.3327942E-05
   11.76000      2.4744362E-05
   11.78000      1.6841484E-05
   11.80000      1.0048276E-05
   11.82000      4.7688141E-06
   11.84000      1.4562179E-06
   11.86000      4.5182662E-07
   11.88000      2.0714836E-06
   11.90000      6.5853483E-06
   11.92000      1.4138607E-05
   11.94000      2.4784964E-05
   11.96000      3.8578139E-05
   11.98000      5.5259206E-05
   12.00000      7.4718395E-05
   12.02000      9.6544907E-05
   12.04000      1.2028880E-04
   12.06000      1.4555614E-04
   12.08000      1.7153329E-04
   12.10000      1.9780043E-04
   12.12000      2.2350111E-04
   12.14000      2.4795579E-04
   12.16000      2.7055605E-04
   12.18000      2.9044249E-04
   12.20000      3.0716133E-04
   12.22000      3.2004324E-04
   12.24000      3.2866633E-04
   12.26000      3.3269994E-04
   12.28000      3.3188186E-04
   12.30000      3.2613924E-04
   12.32000      3.1559847E-04
   12.34000      3.0039938E-04
   12.36000      2.8098898E-04
   12.38000      2.5788986E-04
   12.40000      2.3164900E-04
   12.42000      2.0327380E-04
   12.44000      1.7338738E-04
   12.46000      1.4314416E-04
   12.48000      1.1350128E-04
   12.50000      8.5372485E-05
   12.52000      5.9987822E-05
   12.54000      3.8090206E-05
   12.56000      2.0718273E-05
   12.58000      8.5869160E-06
   12.60000      2.3159505E-06
   12.62000      2.4341678E-06
   12.64000      9.2180699E-06
   12.66000      2.2687409E-05
   12.68000      4.2831602E-05
   12.70000      6.9214053E-05
   12.72000      1.0129120E-04
   12.74000      1.3845952E-04
   12.76000      1.7946097E-04
   12.78000      2.2356785E-04
   12.80000      2.6925388E-04
   12.82000      3.1525575E-04
   12.84000      3.6035525E-04
   12.86000      4.0278136E-04
   12.88000      4.4154402E-04
   12.90000      4.7506121E-04
   12.92000      5.0228857E-04
   12.94000      5.2224111E-04
   12.96000      5.3398742E-04
   12.98000      5.3709530E-04
   13.00000      5.3126586E-04
   13.02000      5.1646394E-04
   13.04000      4.9311743E-04
   13.06000      4.6188693E-04
   13.08000      4.2360011E-04
   13.10000      3.7988232E-04
   13.12000      3.3191996E-04
   13.14000      2.8184932E-04
   13.16000      2.3165844E-04
   13.18000      1.8334409E-04
   13.20000      1.3960691E-04
   13.22000      1.0242075E-04
   13.24000      7.4364514E-05
   13.26000      5.7611833E-05
   13.28000      5.4179491E-05
   13.30000      6.6003879E-05
   13.32000      9.4712341E-05
   13.34000      1.4123904E-04
   13.36000      2.0676071E-04
   13.38000      2.9135370E-04
   13.40000      3.9491075E-04
   13.42000      5.1733165E-04
   13.44000      6.5648335E-04
   13.46000      8.1198855E-04
   13.48000      9.8079233E-04
   13.50000      1.1606313E-03
   13.52000      1.3491561E-03
   13.54000      1.5419157E-03
   13.56000      1.7370656E-03
   13.58000      1.9292721E-03
   13.60000      2.1157330E-03
   13.62000      2.2927097E-03
   13.64000      2.4555419E-03
   13.66000      2.6021441E-03
   13.68000      2.7279607E-03
   13.70000      2.8309706E-03
   13.72000      2.9086184E-03
   13.74000      2.9587524E-03
   13.76000      2.9804707E-03
   13.78000      2.9728552E-03
   13.80000      2.9357700E-03
   13.82000      2.8701848E-03
   13.84000      2.7771720E-03
   13.86000      2.6584130E-03
   13.88000      2.5171621E-03
   13.90000      2.3550936E-03
   13.92000      2.1770999E-03
   13.94000      1.9860079E-03
   13.96000      1.7859089E-03
   13.98000      1.5820380E-03
   14.00000      1.3768098E-03
   14.02000      1.1762307E-03
   14.04000      9.8293170E-04
   14.06000      8.0092647E-04
   14.08000      6.3379714E-04
   14.10000      4.8314591E-04
   14.12000      3.5237562E-04
   14.14000      2.4185788E-04
   14.16000      1.5282954E-04
   14.18000      8.5401618E-05
   14.20000      3.8512499E-05
   14.22000      1.1213737E-05
   14.24000      1.3185132E-06
   14.26000      6.3766097E-06
   14.28000      2.3539260E-05
   14.30000      4.9497085E-05
   14.32000      8.0708887E-05
   14.34000      1.1393814E-04
   14.36000      1.4554452E-04
   14.38000      1.7264822E-04
   14.40000      1.9258965E-04
   14.42000      2.0328385E-04
   14.44000      2.0357328E-04
   14.46000      1.9309791E-04
   14.48000      1.7241586E-04
   14.50000      1.4346452E-04
   14.52000      1.0911337E-04
   14.54000      7.3444498E-05
   14.56000      4.2103959E-05
   14.58000      2.1380634E-05
   14.60000      1.9048084E-05
   14.62000      4.3869401E-05
   14.64000      1.0533581E-04
   14.66000      2.1339605E-04
   14.68000      3.7960394E-04
   14.70000      6.1335944E-04
   14.72000      9.2754333E-04
   14.74000      1.3313758E-03
   14.76000      1.8345767E-03
   14.78000      2.4492354E-03
   14.80000      3.1779686E-03
   14.82000      4.0339329E-03
   14.84000      5.0163842E-03
   14.86000      6.1297007E-03
   14.88000      7.3785610E-03
   14.90000      8.7526394E-03
   14.92000      1.0260650E-02
   14.94000      1.1882801E-02
   14.96000      1.3617940E-02
   14.98000      1.5455252E-02
   15.00000      1.7370135E-02
   15.02000      1.9362137E-02
   15.04000      2.1396123E-02
   15.06000      2.3465371E-02
   15.08000      2.5540957E-02
   15.10000      2.7595058E-02
   15.12000      2.9617533E-02
   15.14000      3.1565391E-02
   15.16000      3.3429880E-02
   15.18000      3.5176579E-02
   15.20000      3.6782354E-02
   15.22000      3.8232543E-02
   15.24000      3.9495237E-02
   15.26000      4.0562849E-02
   15.28000      4.1410729E-02
   15.30000      4.2029172E-02
   15.32000      4.2409293E-02
   15.34000      4.2540524E-02
   15.36000      4.2421129E-02
   15.38000      4.2052396E-02
   15.40000      4.1434962E-02
   15.42000      4.0579237E-02
   15.44000      3.9495870E-02
   15.46000      3.8192436E-02
   15.48000      3.6697302E-02
   15.50000      3.5018571E-02
   15.52000      3.3187214E-02
   15.54000      3.1225815E-02
   15.56000      2.9152777E-02
   15.58000      2.7007554E-02
   15.60000      2.4802106E-02
   15.62000      2.2580227E-02
   15.64000      2.0358840E-02
   15.66000      1.8162820E-02
   15.68000      1.6028795E-02
   15.70000      1.3964683E-02
   15.72000      1.2007833E-02
   15.74000      1.0163018E-02
   15.76000      8.4512830E-03
   15.78000      6.8921624E-03
   15.80000      5.4828352E-03
   15.82000      4.2440551E-03
   15.84000      3.1686970E-03
   15.86000      2.2614824E-03
   15.88000      1.5223454E-03
   15.90000      9.4069226E-04
   15.92000      5.1343319E-04
   15.94000      2.2639365E-04
   15.96000      6.9023714E-05
   15.98000      2.7950826E-05
   16.00000      8.7197739E-05
   16.02000      2.3016275E-04
   16.04000      4.4164990E-04
   16.06000      7.0313166E-04
   16.08000      1.0005410E-03
   16.10000      1.3170866E-03
   16.12000      1.6379987E-03
   16.14000      1.9515933E-03
   16.16000      2.2436061E-03
   16.18000      2.5067059E-03
   16.20000      2.7316089E-03
   16.22000      2.9129011E-03
   16.24000      3.0470630E-03
   16.26000      3.1314483E-03
   16.28000      3.1670311E-03
   16.30000      3.1556995E-03
   16.32000      3.1011153E-03
   16.34000      3.0085901E-03
   16.36000      2.8849337E-03
   16.38000      2.7369319E-03
   16.40000      2.5738140E-03
   16.42000      2.4032104E-03
   16.44000      2.2341216E-03
   16.46000      2.0755893E-03
   16.48000      1.9346175E-03
   16.50000      1.8197793E-03
   16.52000      1.7366853E-03
   16.54000      1.6906027E-03
   16.56000      1.6858201E-03
   16.58000      1.7247015E-03
   16.60000      1.8081294E-03
   16.62000      1.9363983E-03
   16.64000      2.1063380E-03
   16.66000      2.3157219E-03
   16.68000      2.5597715E-03
   16.70000      2.8312621E-03
   16.72000      3.1256785E-03
   16.74000      3.4326960E-03
   16.76000      3.7466015E-03
   16.78000      4.0576076E-03
   16.80000      4.3563470E-03
   16.82000      4.6364856E-03
   16.84000      4.8871990E-03
   16.86000      5.1033329E-03
   16.88000      5.2773268E-03
   16.90000      5.4035336E-03
   16.92000      5.4781144E-03
   16.94000      5.4972721E-03
   16.96000      5.4597957E-03
   16.98000      5.3656753E-03
   17.00000      5.2156146E-03
   17.02000      5.0123883E-03
   17.04000      4.7607166E-03
   17.06000      4.4642421E-03
   17.08000      4.1315993E-03
   17.10000      3.7676978E-03
   17.12000      3.3818069E-03
   17.14000      2.9830623E-03
   17.16000      2.5780918E-03
   17.18000      2.1792559E-03
   17.20000      1.7920877E-03
   17.22000      1.4270529E-03
   17.24000      1.0912527E-03
   17.26000      7.9100276E-04
   17.28000      5.3458480E-04
   17.30000      3.2462616E-04
   17.32000      1.6638981E-04
   17.34000      6.1784158E-05
   17.36000      1.2026142E-05
   17.38000      1.7058917E-05
   17.40000      7.5374875E-05
   17.42000      1.8352615E-04
   17.44000      3.3849076E-04
   17.46000      5.3439208E-04
   17.48000      7.6497335E-04
   17.50000      1.0249211E-03
   17.52000      1.3044772E-03
   17.54000      1.5984075E-03
   17.56000      1.8969730E-03
   17.58000      2.1927354E-03
   17.60000      2.4790971E-03
   17.62000      2.7465085E-03
   17.64000      2.9909194E-03
   17.66000      3.2044442E-03
   17.68000      3.3825985E-03
   17.70000      3.5219130E-03
   17.72000      3.6182769E-03
   17.74000      3.6709281E-03
   17.76000      3.6785756E-03
   17.78000      3.6416028E-03
   17.80000      3.5617917E-03
   17.82000      3.4415708E-03
   17.84000      3.2839458E-03
   17.86000      3.0944934E-03
   17.88000      2.8767795E-03
   17.90000      2.6374564E-03
   17.92000      2.3819727E-03
   17.94000      2.1158562E-03
   17.96000      1.8472144E-03
   17.98000      1.5797954E-03
   18.00000      1.3213663E-03
   18.02000      1.0764115E-03
   18.04000      8.4966118E-04
   18.06000      6.4646726E-04
   18.08000      4.6860302E-04
   18.10000      3.2030648E-04
   18.12000      2.0238414E-04
   18.14000      1.1607173E-04
   18.16000      6.1709528E-05
   18.18000      3.8019640E-05
   18.20000      4.3454005E-05
   18.22000      7.5938638E-05
   18.24000      1.3212529E-04
   18.26000      2.0866767E-04
   18.28000      3.0179162E-04
   18.30000      4.0665377E-04
   18.32000      5.1966548E-04
   18.34000      6.3555205E-04
   18.36000      7.5036369E-04
   18.38000      8.6011167E-04
   18.40000      9.6044654E-04
   18.42000      1.0487228E-03
   18.44000      1.1213514E-03
   18.46000      1.1764728E-03
   18.48000      1.2124096E-03
   18.50000      1.2280018E-03
   18.52000      1.2231229E-03
   18.54000      1.1982379E-03
   18.56000      1.1541344E-03
   18.58000      1.0927698E-03
   18.60000      1.0161611E-03
   18.62000      9.2678063E-04
   18.64000      8.2837889E-04
   18.66000      7.2335306E-04
   18.68000      6.1605289E-04
   18.70000      5.0973234E-04
   18.72000      4.0782959E-04
   18.74000      3.1441671E-04
   18.76000      2.3191693E-04
   18.78000      1.6400662E-04
   18.80000      1.1283813E-04
   18.82000      8.0547507E-05
   18.84000      6.8908608E-05
   18.86000      7.8778183E-05
   18.88000      1.1055278E-04
   18.90000      1.6441212E-04
   18.92000      2.3930479E-04
   18.94000      3.3413721E-04
   18.96000      4.4747686E-04
   18.98000      5.7624932E-04
   19.00000      7.1903109E-04
   19.02000      8.7181729E-04
   19.04000      1.0319075E-03
   19.06000      1.1962145E-03
   19.08000      1.3604347E-03
   19.10000      1.5225102E-03
   19.12000      1.6776721E-03
   19.14000      1.8237290E-03
   19.16000      1.9575655E-03
   19.18000      2.0760326E-03
   19.20000      2.1778224E-03
   19.22000      2.2602195E-03
   19.24000      2.3224466E-03
   19.26000      2.3633202E-03
   19.28000      2.3822936E-03
   19.30000      2.3795955E-03
   19.32000      2.3556040E-03
   19.34000      2.3110199E-03
   19.36000      2.2474793E-03
   19.38000      2.1663611E-03
   19.40000      2.0695308E-03
   19.42000      1.9596303E-03
   19.44000      1.8380765E-03
   19.46000      1.7084244E-03
   19.48000      1.5723057E-03
   19.50000      1.4324768E-03
   19.52000      1.2918831E-03
   19.54000      1.1517698E-03
   19.56000      1.0154900E-03
   19.58000      8.8379846E-04
   19.60000      7.5914786E-04
   19.62000      6.4286415E-04
   19.64000      5.3548737E-04
   19.66000      4.3875322E-04
   19.68000      3.5229660E-04
   19.70000      2.7692723E-04
   19.72000      2.1248795E-04
   19.74000      1.5845326E-04
   19.76000      1.1468201E-04
   19.78000      8.0108133E-05
   19.80000      5.4172498E-05
   19.82000      3.5799989E-05
   19.84000      2.3925264E-05
   19.86000      1.7568849E-05
   19.88000      1.5603051E-05
   19.90000      1.7025292E-05
   19.92000      2.0911466E-05
   19.94000      2.6379174E-05
   19.96000      3.2715456E-05
   19.98000      3.9368239E-05
   20.00000      4.5854085E-05
